1 0.0471484375 0.7983032825768667 0.029375 0.12288900000000014
1 0.0713671875 0.7913244114202049 0.023125000000000007 0.12570400000000004
1 0.0769140625 0.8024671537335285 0.01812499999999999 0.11913700000000006
1 0.1178515625 0.8036778286969254 0.03375 0.15572199999999994
1 0.1412890625 0.7878258653001464 0.01874999999999999 0.09005700000000011
1 0.1709765625 0.807088055636896 0.03437499999999999 0.13977499999999998
1 0.1809765625 0.7923766691068814 0.03437500000000002 0.12945600000000002
1 0.215234375 0.8626548535871157 0.074375 0.27110699999999993
1 0.253515625 0.7457520614934114 0.020625000000000032 0.049719000000000006
1 0.2657421875 0.805579767203514 0.021874999999999978 0.10975599999999999
1 0.28734375 0.800337699853587 0.02437499999999998 0.15384599999999993
1 0.3015625 0.8009770863836018 0.016874999999999973 0.16135099999999994
1 0.303515625 0.7087110307467057 0.020625000000000004 0.02532799999999996
1 0.3247265625 0.807088055636896 0.034375000000000044 0.13789900000000002
1 0.3192578125 0.746761159590044 0.011249999999999982 0.02907999999999995
1 0.3269140625 0.708299159590044 0.01937500000000003 0.029081000000000006
1 0.337734375 0.7093514172767204 0.013124999999999998 0.03470899999999994
1 0.3443359375 0.7947346383601758 0.014999999999999958 0.10694200000000006
1 0.3623046875 0.8067904421669106 0.03812500000000002 0.14821700000000002
1 0.3537890625 0.7676708345534407 0.01937500000000003 0.0656659999999999
1 0.3543359375 0.7144532884333821 0.014375000000000027 0.030019000000000063
1 0.368984375 0.708299159590044 0.012500000000000011 0.027204
1 0.384140625 0.7662067057101024 0.020625000000000004 0.061913000000000024
1 0.3930859375 0.7108856442166911 0.015000000000000013 0.015009000000000005
1 0.4046484375 0.7899044421669107 0.029374999999999984 0.148218
1 0.421328125 0.8289798901903368 0.036250000000000004 0.20262699999999995
1 0.43203125 0.7134020307467057 0.009375000000000022 0.026266000000000022
1 0.46078125 0.8254554055636896 0.03937500000000005 0.21576
1 0.4948828125 0.8183632767203513 0.04249999999999998 0.21294500000000002
1 0.5347265625 0.8298737306002929 0.034375000000000044 0.17823700000000003
1 0.5569921875 0.8173369575402635 0.021874999999999978 0.159475
1 0.5861328125 0.8210188594436311 0.041874999999999996 0.18105100000000005
1 0.613671875 0.7920089575402635 0.028125000000000067 0.15947399999999995
1 0.63328125 0.7588860614934113 0.008750000000000036 0.04878000000000006
1 0.6576953125 0.7927885402635432 0.02562500000000001 0.12757999999999997
1 0.6751953125 0.7983032825768667 0.026874999999999982 0.12101300000000001
1 0.688984375 0.7587017057101025 0.013125000000000053 0.06379000000000003
1 0.700859375 0.7507406749633968 0.012500000000000067 0.04033800000000002
1 0.7183984375 0.7877999267935579 0.02937500000000004 0.13696099999999997
1 0.735390625 0.7821719267935578 0.020625000000000004 0.13602200000000017
1 0.755 0.7942526691068813 0.03125 0.13133200000000006
1 0.7726953125 0.7877999267935579 0.02562500000000001 0.13696099999999997
1 0.78984375 0.7938407979502197 0.024375000000000036 0.13320800000000008
1 0.80921875 0.7723348960468521 0.024375000000000036 0.11163200000000012
1 0.8349609375 0.8229649575402636 0.04625000000000001 0.159475
1 0.8211328125 0.7469886749633968 0.010624999999999996 0.038461000000000016
1 0.866015625 0.7603933499267935 0.020625000000000004 0.07879999999999993
1 0.8837109375 0.8175385344070278 0.04625000000000001 0.21857400000000002
1 0.9207421875 0.8076755651537336 0.05437499999999995 0.24296499999999988
1 0.935390625 0.7702303806734994 0.020000000000000018 0.1003759999999999
1 0.970078125 0.7784189267935578 0.03687499999999999 0.1360229999999999
1 0.9894140625 0.7779628960468521 0.018750000000000044 0.11350900000000004
