1 0.4990234375 0.8748607777777777 0.999375 0.24555599999999997
1 0.367578125 0.5469447777777777 0.09875 0.18222200000000002
1 0.444296875 0.5833333333333334 0.09125 0.16666700000000004
1 0.554921875 0.4471532222222222 0.15374999999999994 0.1644440000000001
1 0.5013671875 0.6082634444444445 0.023125000000000062 0.1077779999999999
1 0.529609375 0.6118058888888889 0.011874999999999969 0.09333300000000004
1 0.5434375 0.616249888888889 0.016249999999999987 0.09111099999999991
1 0.6553125 0.6084024444444445 0.078125 0.1722229999999999
1 0.843125 0.4465278888888889 0.3125 0.21555500000000005
1 0.8480078125 0.5585418888888889 0.04249999999999998 0.12333299999999998
1 0.889453125 0.6688193333333332 0.036250000000000004 0.1366670000000002
1 0.939375 0.5438886666666666 0.03312500000000007 0.08666700000000008
