1 0.9318361875 0.5468753333333334 0.05312499999999998 0.2624999999999999
1 0.1664065 0.5286458333333334 0.046875 0.15104200000000004
1 0.165625 0.4997395833333333 0.032031000000000004 0.05104200000000011
1 0.1962888125 0.4971350833333334 0.041406 0.06666699999999996
1 0.2162106875 0.5031249999999999 0.03828200000000001 0.06250000000000007
1 0.2681643125 0.5552083333333333 0.057031 0.19791700000000004
1 0.3369140625 0.5429690833333334 0.08203100000000002 0.22395799999999996
1 0.4564455625 0.570833 0.06562499999999999 0.25000000000000006
1 0.640625 0.59088575 0.09531199999999995 0.3062500000000001
1 0.75937525 0.6078121666666667 0.1335940000000001 0.3510420000000001
1 0.881640625 0.4705729166666666 0.020311999999999997 0.030208000000000013
