1 0.5053515625 0.2831271478770132 0.09624999999999995 0.208256
1 0.18359375 0.6180094992679356 0.36875 0.7617259999999999
1 0.2135546875 0.5084715109809662 0.22625 0.582552
1 0.2263671875 0.432458786237189 0.08437499999999998 0.316135
1 0.3020703125 0.2773494480234261 0.026874999999999982 0.057223000000000024
1 0.354296875 0.2582456749633968 0.02812500000000001 0.03846199999999995
1 0.3846484375 0.26693441142020496 0.029374999999999984 0.124765
1 0.8118359375 0.4840373513909224 0.23312499999999992 0.5553469999999999
1 0.7046875 0.26710054612005857 0.016874999999999973 0.03658499999999998
1 0.77140625 0.37977708638360175 0.040000000000000036 0.16322700000000004
