1 0.1241015625 0.7359371666666666 0.03499999999999999 0.13083399999999998
1 0.1699609375 0.8396871666666668 0.07625000000000001 0.31833399999999995
1 0.2408984375 0.7111975833333334 0.12312499999999998 0.08250000000000002
1 0.293984375 0.7628649166666667 0.044375 0.1224999999999999
1 0.330078125 0.7345833333333333 0.036250000000000004 0.10499999999999998
1 0.4330078125 0.6994270833333333 0.166875 0.03416700000000006
1 0.384765625 0.7306767500000001 0.020625000000000004 0.05666700000000002
1 0.40421875 0.7332809166666667 0.024999999999999967 0.061666999999999916
1 0.464296875 0.7284375 0.027500000000000024 0.048333000000000105
1 0.535703125 0.7607815833333333 0.036250000000000004 0.14500000000000002
1 0.5755859375 0.7744270833333333 0.07625000000000004 0.16
1 0.663828125 0.7468753333333332 0.03562500000000002 0.135833
1 0.69015625 0.7983850833333334 0.07124999999999992 0.19083400000000003
1 0.7558203125 0.8244267500000001 0.05812499999999998 0.24250000000000002
1 0.781875 0.7349479166666666 0.03187499999999999 0.06000000000000005
1 0.813515625 0.83296875 0.08374999999999999 0.213333
1 0.8422265625 0.77088575 0.09687499999999993 0.150833
1 0.919375 0.7271875 0.15812499999999996 0.11166699999999989
1 0.9725390625 0.8286455 0.05062500000000003 0.1408339999999999
