1 0.030703124999999998 0.6477702603406326 0.035625000000000004 0.06853600000000007
1 0.2633984375 0.7196831313868612 0.436875 0.27803700000000003
1 0.0633984375 0.6542456253041363 0.029375 0.06152599999999991
1 0.085625 0.65371099026764 0.03125 0.053737999999999876
1 0.160546875 0.6779907055961071 0.027499999999999997 0.12071699999999994
1 0.19796875 0.6779395206812653 0.05499999999999999 0.1378509999999999
1 0.2848046875 0.7022704209245743 0.06875000000000003 0.18613699999999994
1 0.364765625 0.7304441362530414 0.08250000000000002 0.250779
1 0.4381640625 0.6990018661800487 0.08124999999999999 0.23675999999999997
1 0.6281640625 0.6443085255474451 0.04937499999999995 0.11137099999999994
1 0.7313671875 0.7886847420924575 0.2093750000000001 0.41978200000000004
1 0.673125 0.6376399805352797 0.03312500000000007 0.10825599999999998
1 0.6947265625 0.6248438053527979 0.034375000000000044 0.07165100000000003
1 0.83828125 0.6470820705596108 0.040000000000000036 0.1137080000000001
1 0.8753515625 0.6466904306569342 0.06499999999999995 0.13239900000000007
