1 0.7477734375 0.6415234375 0.09250000000000003 0.18625000000000003
1 0.07808593750000001 0.7109375 0.10749999999999998 0.07874999999999999
1 0.1248828125 0.532734375 0.010624999999999996 0.011874999999999969
1 0.1355859375 0.6104296875 0.013749999999999984 0.03874999999999995
1 0.142734375 0.5359375 0.012500000000000011 0.015625
1 0.15828125 0.5356640625 0.008124999999999993 0.018750000000000044
1 0.3216796875 0.6471484375 0.03750000000000003 0.030625000000000013
1 0.3703125 0.4490625 0.015625 0.01687500000000003
1 0.452109375 0.4520703125 0.011875000000000024 0.02562500000000001
1 0.470234375 0.608828125 0.011875000000000024 0.03562499999999991
1 0.4823828125 0.6078515625 0.010624999999999996 0.03437499999999993
1 0.495859375 0.6058984375 0.011874999999999969 0.030624999999999902
1 0.6619140625 0.59578125 0.018750000000000044 0.03937499999999994
1 0.7001171875 0.6248828125 0.05437500000000006 0.16749999999999998
