1 0.19234375 0.7053804055636895 0.05499999999999999 0.21388399999999996
1 0.29625 0.6441327306002929 0.0625 0.17729899999999998
1 0.371171875 0.5480186383601756 0.06 0.10600300000000004
1 0.38984375 0.8861856691068815 0.08750000000000002 0.13133199999999998
1 0.4058203125 0.46711512298682284 0.05687500000000001 0.09474600000000011
1 0.4012109375 0.63574260761347 0.04625000000000001 0.08255099999999994
1 0.430078125 0.1872405710102489 0.06812500000000005 0.150094
1 0.4334375 0.7915087672035139 0.048750000000000016 0.10975599999999991
1 0.4408203125 0.6570641537335286 0.057499999999999996 0.11913700000000006
1 0.46125 0.8640835402635432 0.06437500000000002 0.12851800000000013
1 0.4682421875 0.3764359575402636 0.053749999999999964 0.15947499999999995
1 0.4821484375 0.1928695710102489 0.06187500000000001 0.15197000000000002
1 0.499296875 0.9457666383601757 0.05875000000000008 0.10600399999999992
1 0.5140625 0.8075700248901904 0.04875000000000007 0.11538499999999999
1 0.5384375 0.9660187057101025 0.078125 0.06378999999999986
1 0.5346484375 0.6205233133235725 0.06062499999999993 0.1444650000000001
1 0.5437109375 0.11075638067349927 0.04625000000000001 0.10131299999999999
1 0.56375 0.7934289267935579 0.06437500000000007 0.13602199999999992
1 0.56171875 0.8926374114202049 0.05624999999999991 0.12382800000000016
1 0.57296875 0.25075889604685214 0.05499999999999994 0.11163200000000004
1 0.5951171875 0.4092257979502196 0.08500000000000008 0.133208
1 0.5934765625 0.10652141142020496 0.06624999999999992 0.123828
1 0.610546875 0.1914755402635432 0.059374999999999956 0.12664100000000003
1 0.6112890625 0.5245656383601758 0.04999999999999993 0.10600399999999992
1 0.6326953125 0.6529002825768668 0.05812499999999998 0.12101299999999993
1 0.6346875 0.9831581595900439 0.046875 0.029080999999999923
1 0.6613671875 0.8696673806734994 0.05437499999999995 0.10225200000000002
1 0.669375 0.17072328257686675 0.0625 0.12288900000000003
1 0.6680859375 0.9541654787701318 0.04500000000000004 0.08067600000000004
1 0.6796484375 0.7079486691068814 0.061249999999999916 0.13039399999999998
1 0.7421484375 0.04538799414348463 0.06062499999999993 0.091932
1 0.8311328125 0.9796336749633967 0.04125000000000001 0.03846199999999999
