1 0.025390625 0.4873706613756614 0.0525 0.32430099999999995
1 0.13273437500000002 0.5547254761904763 0.19937500000000002 0.45300599999999996
1 0.1871484375 0.5153962698412698 0.186875 0.5419129999999999
1 0.28703124999999996 0.5238682486772487 0.22687500000000002 0.49957599999999996
1 0.40203125 0.45269148677248683 0.19624999999999998 0.47502099999999997
1 0.4809375 0.4547467777777777 0.26625 0.5580010000000001
1 0.5955859375 0.2946301693121693 0.13937500000000003 0.338696
1 0.6737890625 0.4072740370370371 0.20624999999999993 0.5757829999999999
1 0.804921875 0.43420083597883596 0.30999999999999994 0.673158
1 0.8855859375 0.32822446560846563 0.16999999999999993 0.43353100000000006
