1 0.4990234375 0.43244825 0.999375 0.22750000000000004
1 0.0991796875 0.5970309166666666 0.03749999999999999 0.12416699999999999
1 0.11859375 0.5807288333333332 0.024375000000000008 0.12000000000000004
1 0.15234375 0.6277600833333333 0.05499999999999999 0.16
1 0.1464453125 0.5520315833333332 0.026874999999999982 0.08333300000000003
1 0.337265625 0.5968753333333333 0.051875000000000004 0.13750000000000004
1 0.392890625 0.6 0.051875000000000004 0.125833
1 0.441796875 0.5729163333333332 0.028749999999999998 0.106667
1 0.476796875 0.54130175 0.02812500000000001 0.08750000000000006
1 0.5414453125 0.5709895833333333 0.026249999999999996 0.11416700000000006
1 0.5997265625 0.5745833333333333 0.03500000000000003 0.10666700000000007
1 0.769921875 0.5395833333333333 0.028750000000000053 0.10500000000000005
1 0.7856640625 0.5663545 0.01937500000000003 0.11083300000000011
1 0.817890625 0.6588024166666666 0.051875000000000004 0.17000000000000007
1 0.9359765625 0.61546875 0.03437499999999993 0.08749999999999998
