1 0.1305768125 0.819777125 0.07314899999999999 0.19259300000000001
1 0.1915004375 0.75448525 0.02962899999999999 0.10185200000000005
1 0.224059125 0.75263325 0.036112000000000005 0.10277799999999992
1 0.25656825 0.7510340625 0.03981499999999999 0.11203699999999994
1 0.2751378125 0.775766375 0.04166599999999998 0.13796299999999995
1 0.29782975 0.7362845 0.024073999999999984 0.07962999999999998
1 0.4085719375 0.7896415 0.046296000000000004 0.17314799999999997
1 0.6418038125 0.7297529375 0.04166700000000001 0.07777699999999999
1 0.777300125 0.83654525 0.162037 0.19536999999999993
1 0.7614361875 0.7888959375 0.08518599999999998 0.109259
