1 0.6111123125 0.48242291044776114 0.05763000000000007 0.23325100000000001
1 0.0778205 0.3778599402985075 0.048700999999999994 0.15632799999999994
1 0.2228976875 0.5139990447761195 0.13149300000000003 0.28412
1 0.313033125 0.3812930298507463 0.036526 0.12406999999999997
1 0.4240055 0.6381614776119403 0.11039000000000004 0.3585609999999999
1 0.4052478125 0.40938101492537315 0.04139599999999999 0.16129000000000002
1 0.452693375 0.5346430298507463 0.07467599999999996 0.32382099999999997
1 0.512378 0.3812930298507463 0.03246800000000005 0.12406999999999997
1 0.6922556875 0.4779266119402985 0.03733799999999998 0.209678
1 0.748452875 0.46217188059701486 0.060065000000000035 0.11290300000000002
