1 0.020491803278688523 0.420791875 0.04112 0.06003700000000001
1 0.023224043715846996 0.3231106875 0.048119 0.06879299999999999
1 0.02459016393442623 0.1581709375 0.050744 0.045653
1 0.031420765027322405 0.624649875 0.062992 0.12132500000000002
1 0.03415300546448088 0.392956375 0.069991 0.07504699999999997
1 0.036885245901639344 0.819261125 0.074366 0.2545339999999999
1 0.040983606557377046 0.5044206250000001 0.08399 0.11444599999999999
1 0.02983916393442623 0.12763712500000002 0.049869000000000004 0.06816799999999999
1 0.04891876502732241 0.0703755625 0.06386700000000001 0.06504
1 0.05028488524590165 0.291422 0.06649200000000001 0.03189500000000001
1 0.0518194043715847 0.222225375 0.05686800000000001 0.07504699999999997
1 0.08455920765027322 0.360196 0.09798799999999999 0.093808
1 0.07527300546448087 0.2093658125 0.069116 0.07317100000000001
1 0.07663912568306011 0.691730125 0.07174100000000001 0.09881200000000001
1 0.1080128087431694 0.8121838125 0.111986 0.2614139999999999
1 0.09720616393442623 0.064626375 0.049869 0.075672
1 0.10442064480874318 0.6308026875 0.062116999999999985 0.070044
1 0.12890256830601093 0.5863135625 0.104987 0.09756100000000001
1 0.10830352459016394 0.31815075 0.05949300000000001 0.05628500000000003
1 0.11929364480874316 0.1274398125 0.062117000000000006 0.07317100000000001
1 0.1482578087431694 0.393110625 0.110237 0.08255200000000001
1 0.15918677049180327 0.491528 0.133859 0.09380899999999998
1 0.14159560655737705 0.31408025 0.08399 0.07191999999999998
1 0.14684560655737705 0.2402511875 0.08311400000000001 0.05315800000000001
1 0.12253108196721312 0.1888149375 0.02624699999999999 0.045654
1 0.2605703825136612 0.7234450625 0.28258999999999995 0.5503439999999999
1 0.1688248469945355 0.5232356874999999 0.09011400000000001 0.07004300000000002
1 0.15817252459016393 0.060566875 0.057743 0.060037
1 0.16790376502732238 0.2895800625 0.064742 0.049406000000000005
1 0.17321392349726775 0.198623625 0.045494 0.052532999999999996
1 0.21459548633879783 0.3356948125 0.08136499999999995 0.07317099999999999
1 0.23094284699453552 0.451887625 0.088364 0.11444699999999997
1 0.21881616393442627 0.21558675 0.04986799999999997 0.056285
1 0.2241724043715847 0.0516906875 0.056867999999999995 0.070044
1 0.24237700546448085 0.307124125 0.06911600000000001 0.06816799999999995
1 0.26446448633879777 0.12490475 0.07961500000000003 0.05503400000000001
1 0.25922956284153004 0.2154225 0.03587000000000001 0.07879900000000004
1 0.2985854863387978 0.37130875 0.08048999999999999 0.056284999999999974
1 0.3100808032786885 0.216288875 0.041120000000000004 0.05941200000000002
1 0.34166996721311477 0.313676625 0.090989 0.11444599999999999
1 0.47145138797814207 0.4711798125 0.351706 0.79112
1 0.34572124590163933 0.421484 0.07436599999999996 0.09568499999999996
1 0.3485146448087432 0.0941065 0.06211699999999994 0.04753
1 0.35267416393442624 0.2075669375 0.04986899999999996 0.07692300000000002
1 0.3611465245901639 0.1770861875 0.05774300000000004 0.05315800000000001
1 0.3625126448087431 0.5201086875 0.06036800000000001 0.07004300000000002
1 0.3925352841530055 0.475980125 0.054242999999999986 0.066917
1 0.43505340983606555 0.7649913125 0.12423500000000001 0.18261400000000005
1 0.40937376502732237 0.173214 0.06474200000000008 0.06378999999999999
1 0.4384131639344262 0.046884999999999996 0.050744000000000004 0.063164
1 0.4755279672131148 0.6715198125 0.09098899999999993 0.10381499999999999
1 0.48527428415300544 0.038755 0.05249299999999998 0.064415
1 0.5154502459016393 0.642016625 0.07611599999999989 0.08380200000000004
1 0.5717979726775956 0.7160770625 0.1601050000000001 0.11319599999999996
1 0.5790416065573771 0.25310975 0.08398899999999997 0.055034
1 0.5832011256830602 0.031172875 0.07174099999999992 0.060037999999999994
1 0.6122876065573771 0.21746275 0.08398899999999997 0.056285
1 0.6215878852459017 0.3593726875 0.06649200000000001 0.100688
1 0.6521487267759563 0.415788875 0.08573899999999998 0.06003700000000001
1 0.6824940874316939 0.5562505 0.09361299999999993 0.10944399999999999
1 0.7315200928961749 0.881674875 0.161854 0.15259600000000006
1 0.7004822076502732 0.3535133125 0.09623799999999984 0.088806
1 0.7251946885245901 0.6981714375 0.10761200000000012 0.12445300000000004
1 0.7400065300546449 0.6181985625 0.125985 0.1282049999999999
1 0.7268515245901639 0.3061475625 0.057742999999999926 0.06504099999999996
1 0.7445179234972678 0.412045875 0.04461900000000002 0.027517000000000014
1 0.7885234863387978 0.4067925 0.08049000000000014 0.08005000000000001
1 0.8131748087431694 0.6001196875 0.11198599999999999 0.194496
1 0.8150932076502733 0.316812625 0.09623799999999991 0.083177
1 0.8356461693989071 0.5176638124999999 0.11986000000000002 0.13508500000000007
1 0.8191454863387978 0.270697875 0.08136399999999999 0.06003699999999998
1 0.8804054153005463 0.828795375 0.1933510000000001 0.26329
1 0.8136339234972678 0.363409125 0.045493999999999826 0.068168
1 0.8440724480874318 0.46541525 0.10323699999999998 0.10256400000000004
1 0.8615092896174864 0.454542875 0.12160999999999995 0.12132599999999993
1 0.8411388032786886 0.39414025 0.042869999999999894 0.03939999999999999
1 0.8950309289617486 0.3869678125 0.11286099999999995 0.10443999999999998
1 0.8974404480874317 0.3445279375 0.10236199999999987 0.07692300000000002
1 0.8731269234972678 0.2597914375 0.045493999999999986 0.06128899999999998
1 0.9311314863387978 0.3140371875 0.08136399999999999 0.085679
1 0.9459574043715847 0.2558851875 0.05686800000000004 0.054408999999999985
1 0.9448679234972678 0.2174286875 0.045493999999999986 0.038775000000000004
1 0.96001656284153 0.211439125 0.03587099999999997 0.068168
