1 0.008823529411764706 0.21880200000000002 0.019375 0.0639
1 0.012745098039215686 0.2744318333333333 0.02625 0.02738600000000006
1 0.014705882352941176 0.31117516666666667 0.03125 0.03900400000000004
1 0.01568627450980392 0.4502228333333333 0.0325 0.05892100000000008
1 0.021568627450980392 0.6016896666666667 0.044375 0.11535299999999997
1 0.024509803921568627 0.7024904166666667 0.049375 0.07800899999999993
1 0.024509803921568627 0.7955371666666666 0.049375 0.0995850000000001
1 0.028431372549019607 0.9228238333333333 0.0575 0.15186700000000006
1 0.014975490196078432 0.3810856666666667 0.028749999999999998 0.08547699999999996
1 0.014264705882352941 0.50950175 0.025 0.05477100000000005
1 0.07865196078431372 0.2707549166666667 0.11125000000000002 0.029044999999999987
1 0.035784313725490194 0.22104825000000003 0.021875 0.07053999999999998
1 0.04034313725490196 0.49741066666666667 0.016875000000000005 0.05394200000000001
1 0.049166666666666664 0.31247725 0.03375 0.04066400000000003
1 0.049166666666666664 0.3780094166666667 0.03375 0.07800799999999992
1 0.04213235294117647 0.44394175 0.011875000000000004 0.056430999999999974
1 0.07067401960784314 0.4411082499999999 0.045625 0.041494000000000066
1 0.06631127450980392 0.22104825000000003 0.03250000000000001 0.07219899999999997
1 0.05775735294117647 0.5584781666666666 0.013125000000000003 0.036515000000000075
1 0.07246323529411765 0.7080710833333334 0.041875 0.06721999999999999
1 0.07442401960784313 0.7931623333333334 0.045625000000000006 0.10456400000000003
1 0.08887254901960785 0.9228238333333333 0.06312499999999999 0.15186700000000006
1 0.07855392156862745 0.3768215 0.020624999999999994 0.08049799999999996
1 0.0807843137254902 0.3122345 0.02249999999999999 0.04896199999999995
1 0.08900735294117648 0.5275015833333333 0.011874999999999997 0.081328
1 0.10087009803921568 0.34667491666666667 0.02625000000000002 0.12448200000000005
1 0.10185049019607842 0.21760066666666666 0.028750000000000015 0.08381699999999999
1 0.1025735294117647 0.4360006666666667 0.018125 0.05311199999999997
1 0.11862745098039215 0.71116075 0.0375 0.057262
1 0.12237745098039214 0.7938771666666667 0.0375 0.10124500000000003
1 0.11802696078431373 0.6190591666666666 0.011249999999999994 0.03651400000000001
1 0.12275735294117647 0.48604983333333335 0.01187500000000001 0.026556000000000024
1 0.12427696078431372 0.3421824166666667 0.010625000000000006 0.1087129999999999
1 0.13096813725490195 0.21606925 0.01687500000000002 0.07053900000000002
1 0.15155637254901957 0.9211638333333334 0.058750000000000024 0.15352699999999997
1 0.1443627450980392 0.23856258333333336 0.014375000000000021 0.11369299999999997
1 0.15737745098039216 0.7098586666666667 0.03749999999999997 0.05394200000000001
1 0.16308823529411764 0.34884925 0.04312500000000001 0.07219899999999997
1 0.1670098039215686 0.7931623333333334 0.04937499999999998 0.10456400000000003
1 0.16140931372549022 0.5169419166666667 0.02187499999999997 0.09128700000000005
1 0.17121323529411767 0.4312355833333334 0.04124999999999996 0.08215799999999995
1 0.1619485294117647 0.23856258333333336 0.018125000000000013 0.11203299999999998
1 0.18747549019607843 0.20744116666666668 0.02750000000000001 0.03817400000000001
1 0.18899509803921566 0.25710458333333336 0.026250000000000034 0.05145199999999998
1 0.21199754901960785 0.7134214166666667 0.06437499999999999 0.04647300000000006
1 0.2122671568627451 0.9211638333333334 0.061874999999999986 0.15352699999999997
1 0.1910661764705882 0.5346549166666666 0.00625 0.030704999999999982
1 0.21736519607843136 0.7924465 0.051875000000000025 0.10954399999999993
1 0.2208578431372549 0.20968741666666668 0.03999999999999998 0.04481299999999999
1 0.22095588235294117 0.25970875 0.029999999999999995 0.05477199999999997
1 0.24774509803921568 0.260296 0.025624999999999988 0.0639
1 0.25578431372549015 0.206496 0.022500000000000017 0.033194999999999975
1 0.2655882352941176 0.7144951666666667 0.041875 0.03900399999999996
1 0.28127450980392155 0.9164141666666668 0.07437500000000004 0.16348499999999996
1 0.26675245098039213 0.7857077499999999 0.037500000000000026 0.08796600000000006
1 0.2765563725490196 0.31510925 0.058124999999999996 0.00912899999999998
1 0.25035539215686275 0.4078125000000001 0.0025000000000000113 0.015768000000000004
1 0.250625 0.40319141666666664 0.0006249999999999888 0.014107000000000017
1 0.2814950980392157 0.26314291666666667 0.026875000000000024 0.062240999999999956
1 0.2827450980392157 0.2063674166666667 0.025624999999999988 0.044813999999999986
1 0.29035539215686273 0.4539275833333334 0.0025000000000000113 0.019086999999999927
1 0.30800245098039214 0.7217204166666668 0.037500000000000054 0.04647299999999991
1 0.3072916666666667 0.78902675 0.03499999999999999 0.08630699999999998
1 0.30810049019607844 0.40258975 0.02750000000000001 0.025726999999999983
1 0.3164828431372549 0.26101083333333336 0.040625 0.058921
1 0.3167524509803921 0.21051741666666665 0.03812499999999999 0.044813000000000026
1 0.35368872549019614 0.9184310833333332 0.06874999999999995 0.1601660000000001
1 0.32285539215686276 0.49636575 0.0025000000000000113 0.02572599999999999
1 0.3484436274509804 0.7720996666666666 0.04437499999999999 0.05311200000000005
1 0.3513848039215686 0.81538225 0.049374999999999954 0.03983400000000007
1 0.34479166666666666 0.7233804166666666 0.03499999999999999 0.04481299999999999
1 0.330625 0.49174466666666666 0.0012499999999999777 0.022406
1 0.33160539215686274 0.3972528333333334 0.003125 0.02655599999999995
1 0.3593382352941176 0.213135 0.041250000000000044 0.03319500000000001
1 0.3619362745098039 0.26433083333333335 0.03249999999999998 0.058921
1 0.3953799019607843 0.3090575 0.07624999999999998 0.015767000000000014
1 0.3852328431372549 0.7266994166666666 0.040625 0.04647299999999991
1 0.3945098039215686 0.7705682499999998 0.050625000000000045 0.03983400000000007
1 0.39122549019607844 0.21040225 0.028749999999999987 0.039834
1 0.40014705882352947 0.81538225 0.03624999999999997 0.041493
1 0.39640931372549015 0.2667056666666667 0.021875 0.052282000000000016
1 0.4204779411764706 0.920449 0.065625 0.15684600000000012
1 0.41658088235294116 0.26657708333333335 0.03125 0.06556
1 0.4251470588235294 0.7300194166666666 0.036250000000000025 0.04481299999999999
1 0.4207843137254902 0.21573916666666668 0.02312499999999998 0.038174999999999994
1 0.4141911764705883 0.32968933333333333 0.006249999999999944 0.011618999999999971
1 0.44300245098039215 0.7705682499999998 0.03874999999999998 0.04149400000000014
1 0.4442524509803921 0.8166843333333333 0.03874999999999998 0.04315299999999992
1 0.4531862745098039 0.21858708333333335 0.03187499999999999 0.03402499999999997
1 0.4495343137254902 0.26800775 0.02312499999999998 0.057261000000000006
1 0.4671078431372549 0.7307342499999999 0.04000000000000001 0.041493999999999996
1 0.47825980392156864 0.9164141666666668 0.05062499999999999 0.16348499999999996
1 0.4912867647058823 0.77222825 0.059375 0.03983400000000007
1 0.4783700980392157 0.26468775 0.026250000000000034 0.057262
1 0.4825612745098039 0.22096191666666665 0.032500000000000036 0.029046000000000016
1 0.49655637254901963 0.8140801666666667 0.05875000000000001 0.03817400000000001
1 0.5085416666666668 0.7259845833333333 0.03375000000000001 0.04979199999999991
1 0.5090808823529412 0.2619694166666667 0.031250000000000056 0.04647299999999999
1 0.5119485294117647 0.21811499999999998 0.018124999999999957 0.03236500000000001
1 0.5347671568627451 0.9140383333333334 0.0625 0.168465
1 0.5418382352941176 0.27962575 0.041874999999999975 0.056432
1 0.5280269607843137 0.69602225 0.009999999999999933 0.009959000000000126
1 0.540061274509804 0.22403816666666665 0.03312499999999991 0.03734500000000004
1 0.547904411764706 0.7741175833333332 0.04749999999999993 0.04979200000000006
1 0.547904411764706 0.8111180833333332 0.04749999999999993 0.034855000000000004
1 0.5487132352941176 0.7277731666666666 0.04124999999999993 0.03817400000000015
1 0.5834068627450981 0.35548825 0.08499999999999994 0.07053900000000006
1 0.5812132352941177 0.23233716666666668 0.04249999999999991 0.03651400000000001
1 0.5628553921568629 0.6788101666666666 0.003749999999999933 0.03651400000000008
1 0.5832720588235294 0.283532 0.036250000000000025 0.06307099999999999
1 0.5912132352941176 0.7280159166666667 0.041874999999999975 0.030705000000000055
1 0.6061887254901961 0.9124935 0.06999999999999998 0.17261400000000013
1 0.5929166666666668 0.76890925 0.03499999999999982 0.03983400000000007
1 0.6135049019607844 0.8051939166666666 0.07624999999999986 0.029045999999999978
1 0.6418014705882352 0.31648425 0.08312500000000002 0.07219899999999997
1 0.642610294117647 0.24168108333333335 0.07687500000000003 0.06722000000000002
1 0.6274754901960784 0.7227931666666666 0.029374999999999978 0.038174999999999994
1 0.6289950980392156 0.7622702499999999 0.026875000000000024 0.041493
1 0.654424019607843 0.3853920833333333 0.04625000000000007 0.03402500000000005
1 0.6341053921568628 0.6791680833333333 0.003749999999999933 0.03402500000000005
1 0.676188725490196 0.9111914166666666 0.06875 0.17095400000000005
1 0.6636274509803921 0.7244531666666667 0.0375 0.03651499999999993
1 0.6680882352941175 0.7666619999999998 0.042500000000000024 0.033195000000000086
1 0.6594607843137255 0.6785808333333333 0.0056249999999999556 0.02738599999999991
1 0.6766666666666667 0.8011590833333333 0.033749999999999954 0.03568499999999997
1 0.7481862745098039 0.22541316666666666 0.13187499999999994 0.101244
1 0.7043382352941177 0.33329616666666667 0.041250000000000044 0.10041500000000007
1 0.6894607843137255 0.6765639166666667 0.005000000000000023 0.03070499999999991
1 0.7083578431372549 0.72243625 0.04000000000000007 0.041493
1 0.7086274509803921 0.7593081666666667 0.03750000000000011 0.0373439999999999
1 0.7155024509803921 0.8024611666666667 0.03874999999999998 0.03734500000000004
1 0.7088357843137255 0.6763345833333334 0.005000000000000023 0.020746999999999922
1 0.7513602941176472 0.9124935 0.07687500000000003 0.17261400000000013
1 0.7601225490196079 0.756704 0.06374999999999997 0.03236499999999998
1 0.745686274509804 0.3401645 0.03249999999999998 0.11037400000000004
1 0.7819607843137255 0.10034491666666667 0.10562499999999996 0.09294599999999997
1 0.7497916666666666 0.7187583333333333 0.034999999999999934 0.04315400000000006
1 0.7571936274509804 0.79795425 0.04375000000000011 0.041493999999999996
1 0.742046568627451 0.674546 0.008749999999999956 0.03236499999999998
1 0.7644607843137254 0.665418 0.0056249999999999556 0.033195000000000086
1 0.7926348039215686 0.34820633333333334 0.050625000000000045 0.1361
1 0.7755269607843137 0.4494206666666667 0.010000000000000045 0.022406999999999993
1 0.7865808823529412 0.7095017499999999 0.030000000000000023 0.05560100000000009
1 0.791139705882353 0.7981835833333334 0.024999999999999887 0.04979300000000005
1 0.7929411764705883 0.66566075 0.007499999999999866 0.025726000000000065
1 0.8104166666666667 0.7524398333333334 0.034999999999999934 0.02738599999999991
1 0.8231617647058823 0.9136814166666666 0.060000000000000046 0.17012400000000008
1 0.817561274509804 0.7065396666666667 0.03187499999999993 0.0531119999999999
1 0.8053553921568627 0.46661933333333333 0.002500000000000067 0.01161799999999998
1 0.8301348039215687 0.79746775 0.050624999999999934 0.05477199999999997
1 0.8116053921568628 0.4646014166666667 0.0037499999999998216 0.013277999999999976
1 0.817046568627451 0.66732075 0.008125000000000134 0.02406600000000007
1 0.8489583333333334 0.23312491666666668 0.06750000000000002 0.09294600000000001
1 0.816875 0.47111183333333334 0.0018750000000000223 0.027385999999999983
1 0.8528921568627451 0.36750825 0.06187499999999996 0.16597500000000007
1 0.8452450980392157 0.6982406666666666 0.02625000000000009 0.05311200000000005
1 0.858970588235294 0.744256 0.053125 0.03319499999999994
1 0.8378553921568628 0.6613831666666666 0.003749999999999933 0.03817400000000001
1 0.8555024509803922 0.10034491666666667 0.03874999999999987 0.09128599999999998
1 0.8863725490196078 0.9108335 0.06437500000000002 0.17427400000000004
1 0.8772058823529412 0.6939765000000001 0.03125 0.04813299999999998
1 0.8830882352941176 0.7902280833333334 0.043125000000000066 0.06556100000000005
1 0.8972916666666666 0.099987 0.033750000000000065 0.096266
1 0.9105882352941177 0.7392759999999999 0.04249999999999991 0.03236600000000012
1 0.921642156862745 0.23703116666666668 0.06187500000000007 0.09958499999999997
1 0.9179901960784312 0.38799808333333335 0.051875000000000025 0.190871
1 0.9097058823529411 0.6959944166666666 0.03125 0.04481300000000014
1 0.9218504901960783 0.7927180833333334 0.02937500000000009 0.06638999999999988
1 0.9355024509803921 0.10128908333333335 0.0375 0.097925
1 0.9234803921568627 0.5381025 0.0037500000000000445 0.015768000000000004
1 0.9610049019607843 0.9067986666666666 0.07562500000000015 0.17925299999999997
1 0.9259803921568628 0.5120195833333333 0.0024999999999999554 0.02074599999999993
1 0.9420343137254902 0.6936195833333333 0.02312499999999998 0.04979200000000006
1 0.9669117647058824 0.7662628333333332 0.060000000000000046 0.08962599999999998
1 0.9438357843137255 0.55030775 0.005000000000000023 0.02406700000000006
1 0.974154411764706 0.23963533333333334 0.04875000000000002 0.10539399999999999
1 0.9754044117647059 0.3915464166666667 0.04750000000000004 0.20082999999999998
1 0.9612377450980392 0.557534 0.015625 0.03319499999999994
1 0.9768382352941176 0.69622375 0.043125000000000066 0.05477099999999998
1 0.9780882352941176 0.10104633333333334 0.041250000000000044 0.105394
1 0.9863357843137255 0.5798258333333334 0.005000000000000023 0.02738600000000006
