1 0.32125 0.8637330497803807 0.06312500000000004 0.22889300000000004
1 0.038125 0.6428087979502196 0.031875 0.13226999999999994
1 0.2655078125 0.6962797979502197 0.04249999999999998 0.133208
1 0.2978515625 0.7276928286969253 0.06562499999999999 0.15759800000000007
1 0.3188671875 0.6286053191800878 0.021875000000000033 0.053471000000000074
1 0.3533984375 0.6259055768667643 0.030625000000000013 0.05909900000000001
1 0.4012890625 0.6215131903367497 0.019374999999999976 0.05159499999999995
1 0.439765625 0.6806745710102489 0.05125000000000002 0.15196999999999997
1 0.4891015625 0.7974967613469985 0.09625 0.20168900000000006
1 0.466640625 0.6170507057101026 0.020000000000000018 0.06378999999999986
1 0.57921875 0.8284537613469986 0.11812500000000004 0.2016889999999999
1 0.5500390625 0.706940571010249 0.050000000000000044 0.15197000000000005
1 0.573046875 0.71426121522694 0.09125000000000005 0.16416499999999995
1 0.6171875 0.6505672518301611 0.04749999999999999 0.097561
1 0.74078125 0.9417160248901904 0.10250000000000004 0.11444699999999992
1 0.8535546875 0.814497019033675 0.10125000000000006 0.20731699999999992
1 0.9664453125 0.9398400248901904 0.05687500000000001 0.11632299999999988
