1 0.1533203125 0.5439493333333334 0.11937500000000001 0.230256
1 0.190390625 0.5974983333333334 0.11499999999999999 0.325918
1 0.258984375 0.44550066666666666 0.043125000000000024 0.11679699999999994
1 0.3010546875 0.5749288888888889 0.10000000000000003 0.2780869999999999
1 0.2989453125 0.41378355555555557 0.057499999999999996 0.14571699999999999
1 0.337265625 0.5690142222222222 0.083125 0.28920999999999997
1 0.35703125 0.4382857777777778 0.03937499999999999 0.08898800000000001
1 0.415703125 0.5409347777777778 0.130625 0.275862
1 0.3759375 0.394987 0.04750000000000004 0.06340399999999999
1 0.4069921875 0.3998426666666666 0.021875000000000033 0.08453800000000003
1 0.4555078125 0.5194253333333333 0.10374999999999995 0.19799800000000012
1 0.4581640625 0.4279428888888889 0.080625 0.18464900000000004
1 0.5248828125 0.4014861111111111 0.07374999999999998 0.254727
