1 0.017578125 0.4500094987775061 0.036875 0.20109600000000002
1 0.070234375 0.4498008386308069 0.105625 0.465572
1 0.11828125 0.5186630342298288 0.134375 0.387324
1 0.20265625 0.446768826405868 0.103125 0.471049
1 0.2256640625 0.20896005378973107 0.04999999999999996 0.17996899999999996
1 0.4113671875 0.5191004303178484 0.33499999999999996 0.429578
1 0.2712890625 0.4535336454767726 0.049375 0.143975
1 0.329609375 0.38241824205378977 0.10562500000000002 0.304382
1 0.5362890625 0.1974201271393643 0.05062500000000003 0.149452
1 0.68328125 0.5847272469437653 0.25812500000000005 0.502347
1 0.721328125 0.3225181393643032 0.09875 0.14554000000000003
1 0.843828125 0.5316741687041565 0.1293749999999999 0.33333300000000005
1 0.8448828125 0.266813511002445 0.104375 0.196401
1 0.858828125 0.48658103422982885 0.130625 0.38654200000000005
1 0.9195703125 0.28339304156479217 0.08812500000000001 0.18388100000000002
1 0.9297265625 0.46575858435207823 0.06625000000000003 0.16823200000000005
1 0.964140625 0.43729662102689487 0.05249999999999999 0.15180000000000005
1 0.972265625 0.2937600171149144 0.05249999999999999 0.194053
