1 0.1651279375 0.6788521229868228 0.04666600000000001 0.09599999999999997
1 0.22848925 0.7315988286969254 0.07199999999999998 0.156
1 0.2816533125 0.8789575402635431 0.05733400000000005 0.12799999999999997
1 0.3291279375 0.9245651537335284 0.046665999999999985 0.11800000000000008
1 0.43525 0.8138857979502196 0.064 0.1339999999999999
1 0.4703671875 0.7136368960468522 0.05333300000000002 0.11400000000000003
1 0.4593623125 0.4627086383601757 0.026666000000000023 0.10800000000000001
1 0.518629875 0.8532445095168376 0.05999999999999994 0.10399999999999988
1 0.5264609375 0.7279238653001464 0.046667000000000014 0.08800000000000006
1 0.572583 0.8787086383601758 0.06400000000000006 0.10800000000000001
1 0.574911125 0.75899560761347 0.03600000000000003 0.08199999999999996
1 0.6225546875 0.7692445095168375 0.03733300000000006 0.10399999999999988
1 0.677203125 0.7936368960468521 0.06666700000000003 0.11199999999999997
1 0.749917 0.8228521229868229 0.06400000000000006 0.094
1 0.803776375 0.7499238653001464 0.07466600000000001 0.08800000000000006
1 0.802723625 0.8417803806734994 0.051999999999999935 0.10199999999999991
