1 0.0166015625 0.5352004729136164 0.035 0.17260800000000004
1 0.284453125 0.4831062825768668 0.03687500000000005 0.12101299999999993
1 0.3315625 0.4929692518301611 0.04812500000000003 0.09943699999999987
1 0.4555078125 0.6528474055636896 0.10500000000000004 0.21388400000000013
1 0.4671875 0.48182650951683753 0.04750000000000004 0.104127
1 0.5219140625 0.5295465344070278 0.080625 0.21763600000000002
1 0.60171875 0.568253270863836 0.05625000000000002 0.30206400000000005
1 0.6797265625 0.6218220937042459 0.09750000000000003 0.549719
1 0.7821484375 0.6096971918008784 0.12375000000000003 0.5290809999999999
1 0.9184765625 0.5580225900439238 0.16000000000000003 0.355535
