1 0.0937534375 0.6325649770992366 0.186275 0.380368
1 0.3113246875 0.6219269312977099 0.22549 0.3358890000000001
1 0.5319274375 0.5852992748091602 0.21764699999999998 0.2576690000000001
1 0.5410731875 0.7588935725190841 0.052941000000000016 0.13496899999999984
1 0.5734566875 0.7543415496183206 0.03725500000000004 0.11503000000000001
1 0.6087733125 0.7497187022900763 0.026471000000000022 0.12270000000000006
1 0.6362095625 0.749767679389313 0.033332999999999946 0.10276100000000006
1 0.71343475 0.5315130381679389 0.149019 0.30521500000000007
1 0.6626726875 0.7528211145038167 0.03823500000000002 0.10736200000000001
1 0.6960283125 0.7512599847328245 0.02549100000000004 0.12116499999999988
1 0.726416875 0.7543415496183206 0.027451000000000003 0.11503000000000001
1 0.7577549375 0.7543207022900763 0.04509799999999997 0.124233
1 0.7852285625 0.7589352671755725 0.03431400000000007 0.116565
1 0.8956760625 0.5480193511450382 0.20588300000000004 0.461656
