1 0.036484375 0.42947300000000005 0.044375 0.10075299999999994
1 0.06703125 0.5178883529411765 0.1025 0.262712
1 0.1472265625 0.4921042352941176 0.09624999999999999 0.29190200000000005
1 0.184765625 0.4402851176470588 0.05125000000000002 0.171374
1 0.225625 0.40263070588235295 0.06375 0.12523600000000001
1 0.2316015625 0.5178989411764706 0.06500000000000003 0.2175139999999999
1 0.2873046875 0.44310911764705885 0.06937500000000002 0.17231700000000008
1 0.332578125 0.4046831764705882 0.0675 0.156309
1 0.3797265625 0.4423170588235294 0.03500000000000003 0.036724000000000034
1 0.444765625 0.5424031176470588 0.14562499999999995 0.12335200000000003
1 0.5110546874999999 0.4427304705882353 0.03875000000000001 0.03484000000000006
1 0.5934375 0.5384454705882353 0.1100000000000001 0.184558
1 0.65328125 0.36650911764705885 0.10312499999999991 0.322034
1 0.746640625 0.39179376470588234 0.176875 0.40960500000000005
1 0.9431640625 0.4159077058823529 0.11187500000000006 0.224106
