1 0.0205078125 0.42250000000000004 0.04125 0.125833
1 0.3259765625 0.4980205 0.19124999999999998 0.23583399999999996
1 0.2810546875 0.2747399166666667 0.03875000000000001 0.09249999999999999
1 0.333203125 0.34890591666666665 0.06812499999999999 0.09249999999999996
1 0.311015625 0.2607295 0.020625000000000004 0.08000000000000003
1 0.3346875 0.31135416666666665 0.04812499999999997 0.06833299999999998
1 0.443125 0.3196875 0.0625 0.111667
1 0.504765625 0.29031216666666665 0.08250000000000002 0.10000000000000002
1 0.561953125 0.3166149166666667 0.13062500000000005 0.185833
1 0.589140625 0.4819795 0.145625 0.2674999999999999
