1 0.1416015625 0.32619824999999997 0.285 0.164166
1 0.44921875 0.8007815833333334 0.89875 0.395
1 0.393359375 0.59921875 0.04375000000000001 0.15000000000000005
1 0.468203125 0.53026075 0.036250000000000004 0.11750000000000001
1 0.4936328125 0.61338575 0.073125 0.150833
1 0.4996484375 0.5153645833333332 0.030000000000000027 0.08083300000000009
1 0.539375 0.5483330000000001 0.03125 0.12750000000000003
1 0.5848828125 0.5540100833333333 0.04125000000000001 0.09666700000000006
1 0.64703125 0.5890104166666666 0.040000000000000036 0.1391669999999999
1 0.780546875 0.54380175 0.028125000000000067 0.08833400000000007
1 0.933203125 0.5371354166666666 0.130625 0.9216670000000001
