1 0.849375 0.5678942767203514 0.125 0.21294499999999994
1 0.025390625 0.5680257554904832 0.051875 0.2917449999999999
1 0.029296875 0.6795599326500732 0.06 0.044090999999999984
1 0.22671875 0.5576972518301611 0.05500000000000002 0.09849899999999998
1 0.271171875 0.6225307920937042 0.08999999999999997 0.2232650000000001
1 0.3996484375 0.6960184128843339 0.18624999999999997 0.6031899999999999
1 0.4894140625 0.5301599824304539 0.111875 0.272983
1 0.60828125 0.6170714992679356 0.16500000000000004 0.7626639999999999
1 0.7008203125 0.541469859443631 0.057499999999999996 0.18011200000000002
1 0.9795703125 0.500474251830161 0.02562500000000001 0.09943699999999996
1 0.98375 0.8118309326500733 0.03125 0.0450279999999999
1 0.9915625 0.5337545651537335 0.015625 0.24202600000000002
