1 0.0857421875 0.47514525183016104 0.021875000000000006 0.097561
1 0.103671875 0.46782460761346994 0.028124999999999997 0.08442799999999995
1 0.1046875 0.47866973645680816 0.015625 0.08630400000000006
1 0.1138671875 0.4644844787701318 0.022499999999999992 0.08067599999999996
1 0.121015625 0.47638186530014637 0.020000000000000004 0.09005600000000005
1 0.1391015625 0.45281560761346995 0.03437499999999999 0.08442800000000003
1 0.1680859375 0.5361654114202049 0.044999999999999984 0.12476500000000008
1 0.18953125 0.5318161844802343 0.03937499999999999 0.14258999999999997
1 0.2140625 0.4907946383601757 0.046875 0.10787999999999996
1 0.2590234375 0.5111090863836018 0.030625000000000013 0.16134999999999997
1 0.41046875 0.4521492825768668 0.02437499999999998 0.12288900000000005
1 0.4367578125 0.4588295402635432 0.073125 0.12851799999999997
1 0.4320703125 0.4523336383601757 0.02562500000000001 0.10787999999999996
1 0.438984375 0.4485806383601757 0.011875000000000024 0.10787999999999996
1 0.4478125 0.4705695095168375 0.016249999999999987 0.104127
1 0.4675390625 0.469517251830161 0.018125000000000002 0.09849900000000006
1 0.4706640625 0.3956627057101024 0.01937500000000003 0.06191299999999998
1 0.4758203125 0.6160166691068814 0.02562500000000001 0.12945600000000002
1 0.4962890625 0.3960745768667643 0.019374999999999976 0.06003699999999999
1 0.51609375 0.6228812825768668 0.024375000000000036 0.12007499999999988
1 0.5246875 0.47638186530014637 0.015625 0.0881800000000001
1 0.54296875 0.4815979941434846 0.024375000000000036 0.09287100000000004
1 0.5532421875 0.6099316383601757 0.023125000000000062 0.10600399999999992
1 0.5788671875 0.6070033806734993 0.023125000000000062 0.10037499999999992
1 0.6612109375 0.37918857686676427 0.013749999999999929 0.059099999999999986
1 0.68125 0.6200231229868228 0.03312499999999996 0.09568499999999996
1 0.6801171875 0.41911470571010245 0.021874999999999978 0.061913000000000024
1 0.67828125 0.408865803806735 0.008750000000000036 0.04221400000000006
1 0.7194140625 0.5975792210834554 0.01937500000000003 0.07504699999999996
1 0.7271875 0.4192980614934114 0.016874999999999973 0.049719000000000006
1 0.7525390625 0.6055392518301611 0.01937500000000003 0.09849899999999998
1 0.7809375 0.5854533191800879 0.016875000000000084 0.05440900000000005
1 0.8015625 0.5829810922401172 0.015625 0.07129499999999998
1 0.817734375 0.5821131903367497 0.012499999999999956 0.0506569999999999
1 0.844375 0.6350762825768668 0.03312499999999996 0.12101300000000001
