1 0.0322265625 0.5679166666666666 0.06625 0.27249999999999996
1 0.07808593750000001 0.4688545 0.07625000000000001 0.11166599999999997
1 0.12992187500000002 0.4641149166666667 0.028749999999999984 0.060832999999999915
1 0.17488281249999998 0.5071871666666666 0.10437500000000001 0.19416699999999998
1 0.15421875 0.48161425 0.05562500000000001 0.10333399999999988
1 0.23375 0.4601045000000001 0.03125 0.04916599999999997
1 0.268046875 0.46151075 0.028749999999999998 0.055832999999999945
1 0.6270703125 0.5620309166666667 0.744375 0.8733340000000002
1 0.2912109375 0.4664065833333333 0.044999999999999984 0.051666000000000066
1 0.3273046875 0.4583850833333334 0.03874999999999995 0.06583399999999995
1 0.3658984375 0.460417 0.02999999999999997 0.06416600000000001
1 0.413046875 0.4585934166666667 0.05937500000000001 0.07583400000000003
1 0.532734375 0.4985940833333333 0.23125000000000007 0.284166
1 0.43546875 0.4450520833333333 0.02437499999999998 0.0666670000000001
1 0.4876171875 0.4638538333333333 0.08437500000000003 0.15166700000000008
1 0.4669921875 0.43791699999999995 0.021875000000000033 0.0625
1 0.634375 0.43437466666666663 0.03125 0.054167000000000076
1 0.6608984375 0.4355725833333333 0.02937500000000004 0.05166700000000005
