1 0.520344294117647 0.9219921875 0.079096 0.08499999999999996
1 0.033823529411764704 0.4208203125 0.068738 0.08875
1 0.10832770588235295 0.3998828125 0.074388 0.10375000000000001
1 0.17683335294117647 0.3804296875 0.06214700000000001 0.10062500000000002
1 0.22738411764705885 0.7115234375 0.07250500000000001 0.06125000000000003
1 0.24504276470588232 0.5371875 0.06120500000000006 0.04749999999999999
1 0.25386629411764705 0.37453125 0.077213 0.10250000000000004
1 0.3077183529411765 0.3626953125 0.062146999999999925 0.08875
1 0.30171982352941173 0.530546875 0.046138999999999986 0.02750000000000008
1 0.3520905294117648 0.3498046875 0.06967999999999999 0.10062500000000002
1 0.4008221764705882 0.85375 0.056498000000000013 0.06374999999999997
1 0.5630002941176471 0.649453125 0.37853099999999995 0.13
1 0.41012200000000004 0.3348828125 0.05178899999999992 0.10375000000000001
1 0.459087 0.3220703125 0.05178899999999992 0.11937500000000001
1 0.510876 0.329296875 0.051789 0.09062500000000001
1 0.5495981764705883 0.3054296875 0.05649699999999991 0.10062500000000002
1 0.5541900000000001 0.4615234375 0.05178899999999992 0.029374999999999984
1 0.5717847647058824 0.2983984375 0.05932199999999998 0.12312499999999998
1 0.6326412352941176 0.7480859375 0.041430999999999954 0.07687500000000003
1 0.6428191764705883 0.9068359375 0.05649699999999999 0.07687500000000003
1 0.6934338235294119 0.8003125 0.046138999999999944 0.07874999999999999
1 0.7469257647058823 0.3213671875 0.05932199999999998 0.05437500000000001
1 0.794303 0.5523046875 0.050848 0.038125000000000075
