1 0.2076176875 0.5703128333333334 0.13125 0.3083329999999999
1 0.1134765625 0.16536458333333334 0.034375 0.08124999999999998
1 0.28671875 0.6677083333333332 0.242188 0.32291700000000007
1 0.208984375 0.20390625000000004 0.04375000000000001 0.13333299999999998
1 0.2560546875 0.2065104166666667 0.03750000000000003 0.13958300000000004
1 0.301171375 0.17447883333333336 0.043750999999999984 0.12083399999999998
1 0.503125 0.6645833333333333 0.376562 0.5437500000000001
1 0.337109875 0.13854166666666667 0.028123999999999982 0.054167
1 0.433984375 0.7072920000000001 0.20000000000000007 0.28125000000000006
1 0.3662114375 0.4828121666666667 0.06093699999999996 0.09999999999999994
1 0.43359375 0.28567675 0.15000000000000002 0.36874999999999997
1 0.5583984375 0.26536458333333335 0.09218800000000005 0.33333300000000005
1 0.6404296875 0.3481774166666667 0.1625000000000001 0.5145829999999999
