1 0.08085257869634341 0.595859375 0.10081499999999999 0.07562500000000005
1 0.12883922893481717 0.8301953125 0.10590599999999997 0.12
1 0.1563342289348172 0.7061328125 0.105906 0.104375
1 0.2427675786963434 0.48046875 0.09979600000000004 0.05625000000000002
1 0.26554452941176465 0.8744140625 0.12016300000000005 0.11250000000000004
1 0.254166453100159 0.50875 0.08350299999999998 0.09375000000000006
1 0.3439773275039746 0.1199609375 0.067209 0.10749999999999998
1 0.3861022782193959 0.4962109375 0.08655799999999997 0.07687500000000003
1 0.4003592782193958 0.5573828125 0.08859500000000002 0.07374999999999998
1 0.4085052782193959 0.705 0.08655799999999993 0.09562500000000007
1 0.4259419284578696 0.6104296875 0.094705 0.10062499999999996
1 0.41456385214626396 0.0992578125 0.05804499999999998 0.07312500000000001
1 0.4884863052464229 0.8184375 0.14154700000000003 0.109375
1 0.5175395023847377 0.6805078125 0.06415500000000002 0.104375
1 0.5282943275039746 0.0773828125 0.06924699999999988 0.10375
1 0.5688818791732909 0.7580859375 0.11405300000000014 0.10750000000000004
1 0.5915351796502385 0.6900390625 0.12525399999999998 0.11249999999999993
1 0.5855182019077901 0.2981640625 0.052953999999999994 0.080625
1 0.6557624038155803 0.5237499999999999 0.10285100000000003 0.09562500000000002
1 0.6494763275039747 0.433125 0.06924599999999986 0.09562500000000002
1 0.6558356279809221 0.6390625 0.08044799999999998 0.08000000000000007
1 0.6508168521462638 0.07375 0.05906299999999998 0.095625
1 0.6863332019077902 0.288359375 0.052952999999999896 0.07562500000000005
1 0.7201142782193959 0.4418359375 0.08655799999999997 0.10749999999999998
1 0.7021276009538951 0.061875 0.0274949999999999 0.094375
1 0.7405545023847377 0.06171875 0.064154 0.086875
1 0.7855890047694754 0.6323828125 0.13034600000000002 0.0737500000000001
1 0.778034627980922 0.539609375 0.08146700000000003 0.07500000000000007
1 0.7794998028616853 0.3146875 0.078412 0.078125
1 0.7965625023847376 0.0607421875 0.06415500000000002 0.08499999999999999
1 0.8102476772655007 0.4655859375 0.06211800000000011 0.10750000000000004
1 0.851406054054054 0.818125 0.11099799999999993 0.12624999999999997
1 0.917047027027027 0.046875 0.05498999999999999 0.09375
1 0.9270331526232114 0.398515625 0.07230100000000009 0.08374999999999999
1 0.9544035023847377 0.29304687500000004 0.06619100000000001 0.09062499999999998
