1 0.458515625 0.6414065833333333 0.08250000000000002 0.30083299999999996
1 0.12 0.6960419999999999 0.09562500000000002 0.344166
1 0.249375 0.6726562499999998 0.09375 0.3216670000000001
1 0.315390625 0.66703125 0.051875000000000004 0.2891670000000001
1 0.373125 0.6247913333333334 0.06437500000000002 0.20000000000000004
1 0.536875 0.6428121666666667 0.06312499999999999 0.224167
1 0.62640625 0.6519788333333333 0.07187499999999991 0.30833400000000005
1 0.7326171875 0.6385934166666667 0.08499999999999996 0.32749999999999996
1 0.82125 0.6005208333333334 0.09437499999999999 0.27666699999999994
1 0.9093359375 0.5995315833333333 0.07750000000000001 0.20666600000000002
1 0.9762109375 0.5721871666666667 0.04562500000000003 0.19499999999999998
