1 0.24965410081112396 0.42520225 0.240909 0.25798200000000004
1 0.07094919351100812 0.491319 0.09090899999999999 0.09450900000000001
1 0.05731046813441483 0.4228025 0.05303000000000001 0.14176299999999997
1 0.11657873117033604 0.7580186875 0.03181800000000001 0.03831399999999996
1 0.18181972537659324 0.769436 0.04090900000000002 0.06257999999999997
1 0.46408742178447276 0.7894924375 0.12575799999999995 0.12388300000000008
1 0.6688072340672074 0.434000375 0.027271999999999918 0.04342299999999999
1 0.6995554797219004 0.425135625 0.03333400000000014 0.052361999999999964
1 0.7338692398609502 0.4267130625 0.016665999999999962 0.04980799999999996
1 0.756418976825029 0.424609 0.03787899999999998 0.063857
1 0.8529427311703361 0.4407610625 0.030302999999999965 0.04980899999999999
1 0.9030317253765933 0.446921875 0.04090900000000005 0.060024999999999995
