1 0.056386187500000004 0.39302498826979476 0.053783 0.170892
1 0.121055625 0.5784418504398827 0.113821 0.671362
1 0.18350850000000002 0.6381105366568914 0.14071299999999998 0.720188
1 0.2196803125 0.3704628093841642 0.088805 0.26572700000000005
1 0.2889540625 0.4544328211143695 0.049406000000000005 0.09483500000000004
1 0.4066233125 0.7088976568914955 0.245153 0.47511799999999993
1 0.346052375 0.39302498826979476 0.07442199999999999 0.17277
1 0.3879103125 0.5026528856304986 0.08943099999999998 0.15962499999999996
1 0.4715290625 0.3652502463343108 0.17511000000000004 0.4281690000000001
1 0.435656625 0.38601696187683276 0.020013000000000003 0.055399
1 0.5630674375 0.7357023431085045 0.18699200000000005 0.5258219999999999
1 0.564005875 0.4796041994134897 0.058787000000000034 0.10891999999999998
1 0.7235230625 0.749736862170088 0.298937 0.498591
1 0.6356755 0.3967673988269795 0.11006900000000008 0.219718
1 0.7210800625 0.44640325806451614 0.11256999999999995 0.25915499999999997
1 0.7829640625 0.4354042521994135 0.2051280000000001 0.3436620000000001
1 0.898233375 0.7038793049853372 0.200751 0.5793429999999999
1 0.876134 0.3914023929618768 0.125703 0.3023469999999999
1 0.868879375 0.5574605395894429 0.07442099999999996 0.17840299999999998
1 0.9201273125 0.3555446480938417 0.058161999999999936 0.10328699999999995
1 0.9876031875 0.5195034046920821 0.022514000000000034 0.13333299999999992
