1 0.0384765625 0.547572771260997 0.064844 0.31887400000000005
1 0.017577625 0.4264491348973607 0.020313 0.04454900000000005
1 0.0607424375 0.47220416129032255 0.029686999999999998 0.161782
1 0.0740239375 0.43847361583577715 0.014062000000000005 0.07268399999999993
1 0.0861330625 0.42879723753665694 0.019531000000000007 0.058616999999999975
1 0.0986325625 0.49153219941348975 0.033594 0.11019999999999995
1 0.106640375 0.4337805131964809 0.012500000000000011 0.060960999999999994
1 0.11718725 0.42615485923753665 0.009374999999999994 0.043377000000000034
1 0.1322268125 0.4235165835777126 0.011717999999999978 0.039859000000000054
1 0.1458979375 0.42263475659824046 0.01406300000000002 0.03048100000000003
1 0.1654291875 0.42469268621700884 0.021876000000000007 0.052754999999999976
1 0.176953125 0.4182359296187683 0.005469000000000002 0.02344700000000002
1 0.1861328125 0.42322230791788856 0.010938000000000003 0.037515000000000034
1 0.198437 0.42704078885630503 0.032032000000000005 0.06213300000000001
1 0.2228518125 0.4241010322580645 0.011718000000000006 0.03517000000000004
1 0.23593775 0.42469578885630493 0.02421799999999999 0.062134000000000064
1 0.2712893125 0.4220534105571847 0.02656200000000003 0.04806599999999996
1 0.2935546875 0.43261471847507327 0.038280999999999954 0.08323600000000009
1 0.346094 0.4264594428152493 0.032030999999999976 0.07971799999999994
1 0.36171875 0.42938478885630493 0.024219000000000046 0.062134000000000064
1 0.4267580625 0.4317328914956011 0.01796800000000004 0.07502900000000001
1 0.44140625 0.4399501994134898 0.039063000000000014 0.11019899999999996
1 0.5291013125 0.43378361583577707 0.026563000000000003 0.071512
1 0.541015875 0.42499316715542523 0.028905999999999987 0.07737399999999993
1 0.566015125 0.4596096422287389 0.06796900000000006 0.189918
1 0.6431635625 0.43378771847507336 0.03359400000000001 0.08323499999999995
1 0.687890375 0.44404134017595304 0.013280999999999987 0.07034
1 0.707421625 0.44696978885630495 0.021093999999999946 0.06447899999999998
1 0.7513676875 0.5044900469208211 0.1007809999999999 0.321219
1 0.9166018125 0.4499126480938416 0.042968000000000006 0.10433800000000003
