1 0.7948828125 0.8363358613138687 0.073125 0.26330499999999984
1 0.001953125 0.1717949708029197 0.005625 0.16246500000000003
1 0.0078125 0.5753483941605839 0.0175 0.03454800000000004
1 0.0087890625 0.5382898321167884 0.01875 0.02520999999999998
1 0.0146484375 0.629926204379562 0.030625 0.07656399999999995
1 0.017578125 0.8073908613138687 0.035625 0.264239
1 0.0299609375 0.7085946204379562 0.045625 0.08776900000000006
1 0.028203125000000002 0.15352911678832118 0.035625 0.15872999999999998
1 0.0250390625 0.5350286642335766 0.018125000000000002 0.049487
1 0.034375 0.6068726423357664 0.031875 0.06816100000000003
1 0.0351953125 0.565197102189781 0.025625000000000002 0.040149000000000025
1 0.0455078125 0.1488747810218978 0.010624999999999996 0.207283
1 0.0484375 0.5289008102189781 0.016875 0.04575099999999997
1 0.0494140625 0.5942754744525547 0.018124999999999995 0.09337000000000004
1 0.0494140625 0.618722204379562 0.019374999999999996 0.07843100000000008
1 0.074140625 0.6869342262773723 0.051250000000000004 0.056956
1 0.06617187499999999 0.585056182481752 0.028125000000000004 0.0980399999999999
1 0.06910156249999999 0.1451407810218978 0.034374999999999996 0.207282
1 0.0655859375 0.5199709562043796 0.014374999999999999 0.04201699999999996
1 0.0782421875 0.4928939562043796 0.02187499999999999 0.042016000000000074
1 0.0946875 0.5697100364963503 0.0475 0.10084
1 0.091640625 0.540920102189781 0.02062499999999999 0.038281999999999976
1 0.1153515625 0.6899352846715328 0.065 0.13538800000000004
1 0.09859375 0.16152397080291972 0.024375000000000008 0.16339899999999996
1 0.0942578125 0.4844389343065693 0.01062500000000001 0.06349200000000003
1 0.1077734375 0.4667499562043796 0.029375 0.04201699999999996
1 0.1134765625 0.5620026204379562 0.03374999999999999 0.08963600000000002
1 0.1128125 0.5070696861313869 0.0175 0.027077000000000028
1 0.13468750000000002 0.13994592700729927 0.04875 0.20168
1 0.14933593750000002 0.67884999270073 0.07687499999999999 0.14192300000000002
1 0.126171875 0.1543590729927007 0.028124999999999997 0.19887900000000003
1 0.1278125 0.4855426642335766 0.016875 0.048553000000000075
1 0.1385546875 0.5609509124087592 0.03875000000000001 0.08216600000000006
1 0.136875 0.5064397883211679 0.0325 0.06442600000000004
1 0.1488671875 0.510923394160584 0.023125000000000007 0.034546999999999994
1 0.1661328125 0.6331646788321168 0.04125000000000001 0.168068
1 0.165625 0.45146949635036493 0.0325 0.07282899999999996
1 0.171484375 0.14770436496350367 0.044375 0.19327699999999995
1 0.1739453125 0.5357409124087591 0.02562500000000001 0.08403300000000002
1 0.1725390625 0.48676510218978103 0.018125000000000002 0.038281999999999976
1 0.1858203125 0.43670122627737223 0.02687500000000001 0.05788900000000004
1 0.1851171875 0.39363151824817516 0.023125000000000007 0.05135399999999997
1 0.2105078125 0.8635315693430657 0.073125 0.26984100000000005
1 0.195390625 0.5487755547445256 0.020624999999999977 0.1512610000000001
1 0.2054296875 0.1444952189781022 0.03812499999999999 0.19607900000000003
1 0.21375 0.46114795620437954 0.0325 0.04201599999999999
1 0.214765625 0.537044700729927 0.020000000000000018 0.14752599999999993
1 0.2300390625 0.441013102189781 0.018125000000000002 0.04014999999999999
1 0.2312890625 0.540779700729927 0.018125000000000002 0.14752599999999993
1 0.2948046875 0.8836507591240875 0.10125 0.2259570000000001
1 0.268125 0.5629002627737226 0.03187499999999999 0.15499499999999994
1 0.2783984375 0.1426802408759124 0.02937500000000004 0.17740400000000003
1 0.2850390625 0.4607398102189781 0.018125000000000002 0.04575200000000002
1 0.2912109375 0.45011368613138686 0.015000000000000013 0.02894499999999996
1 0.2921875 0.5432255766423357 0.017500000000000016 0.12978500000000004
1 0.300546875 0.15096453284671535 0.02812500000000001 0.171802
1 0.3088671875 0.45741295620437955 0.023125000000000007 0.04201699999999996
1 0.3086328125 0.5336511605839416 0.011249999999999982 0.11858099999999998
1 0.3619140625 0.9105943868613139 0.111875 0.17460300000000006
1 0.325625 0.5253148467153285 0.033125000000000016 0.145658
1 0.32546875 0.15784099270072993 0.024375000000000036 0.142858
1 0.3526171875 0.5409504306569343 0.05437500000000001 0.13165200000000002
1 0.3399609375 0.46050239416058397 0.015000000000000013 0.03268000000000003
1 0.34984375 0.14122038686131386 0.02437499999999998 0.17366900000000002
1 0.3544140625 0.4509956642335766 0.018125000000000002 0.04761899999999999
1 0.373828125 0.5349402846715329 0.03687499999999999 0.13538799999999995
1 0.3682421875 0.46114795620437954 0.023125000000000007 0.04201599999999999
1 0.3678125 0.13976053284671533 0.016249999999999987 0.16993400000000003
1 0.3728125 0.44182839416058395 0.01687500000000003 0.03361400000000003
1 0.38796875 0.1426802408759124 0.024375000000000036 0.17740400000000003
1 0.3921875 0.4630149562043796 0.016249999999999987 0.04201699999999996
1 0.408203125 0.5340739708029197 0.03562500000000002 0.16059700000000005
1 0.4063671875 0.15784099270072993 0.021874999999999978 0.142858
1 0.411640625 0.44889124817518244 0.020625000000000004 0.036414000000000044
1 0.44015625 0.9268078467153285 0.07187499999999997 0.14379100000000006
1 0.431171875 0.16734872262773723 0.02812500000000001 0.12791800000000003
1 0.4290625 0.4528626642335767 0.015625 0.04761899999999999
1 0.4350390625 0.5291008686131387 0.018125000000000002 0.12418300000000002
1 0.4587109375 0.7314931167883212 0.04562499999999997 0.15872999999999993
1 0.4694140625 0.8984043649635037 0.04999999999999999 0.19514499999999993
1 0.4524609375 0.45619051824817514 0.014375000000000027 0.051353
1 0.460546875 0.14430982481751822 0.028124999999999956 0.164333
1 0.4615234375 0.5299828467153285 0.029374999999999984 0.14565799999999993
1 0.4665625 0.4643040802919708 0.017500000000000016 0.058824000000000015
1 0.4703125 0.1472295328467153 0.01749999999999996 0.17180200000000004
1 0.4880859375 0.8743137591240877 0.04562499999999997 0.22595699999999994
1 0.4748828125 0.44136922627737224 0.010000000000000009 0.057890000000000004
1 0.4815625 0.4580575182481752 0.016874999999999973 0.05135399999999997
1 0.4844921875 0.16344399270072993 0.023125000000000007 0.142857
1 0.48671875 0.5204084306569342 0.024375000000000036 0.13352000000000003
1 0.503359375 0.7319679489051095 0.04375000000000001 0.18113899999999994
1 0.4981640625 0.43308493430656936 0.01937500000000003 0.06162400000000002
1 0.51328125 0.6398567445255474 0.03937499999999994 0.10737600000000004
1 0.4992578125 0.4656972481751825 0.011249999999999982 0.03641500000000001
1 0.5076171875 0.15941955474452554 0.023125000000000007 0.151261
1 0.5120703125 0.5320205766423358 0.026874999999999982 0.12978499999999996
1 0.5255078125 0.8666220072992701 0.04125000000000001 0.2623710000000001
1 0.5136328125 0.45011368613138686 0.011249999999999982 0.027077000000000028
1 0.52671875 0.1501492408759124 0.024375000000000036 0.17553700000000003
1 0.523359375 0.45221810218978103 0.012500000000000067 0.038281999999999976
1 0.5396484375 0.5326651386861314 0.030625000000000013 0.1400559999999999
1 0.5473046875 0.15323967883211678 0.03749999999999998 0.16806700000000002
1 0.5368359375 0.4296903941605839 0.014375000000000027 0.034546999999999994
1 0.5506640625 0.45870208029197085 0.01937500000000003 0.06069099999999998
1 0.566796875 0.46610539416058394 0.028125000000000067 0.03267899999999998
1 0.5677734375 0.16717899270072994 0.02937500000000004 0.140989
1 0.5677734375 0.5289301386861314 0.030625000000000013 0.13725500000000002
1 0.563984375 0.4334253941605839 0.011874999999999969 0.034546999999999994
1 0.581015625 0.4220506642335767 0.020625000000000004 0.04761899999999999
1 0.584609375 0.45863539416058396 0.013125000000000053 0.032679999999999945
1 0.5894921875 0.5291675547445255 0.023125000000000062 0.151261
1 0.610625 0.8669624671532846 0.06312499999999999 0.23155900000000007
1 0.59296875 0.17196570072992703 0.024374999999999925 0.14752599999999996
1 0.6049609375 0.4878324744525548 0.014375000000000027 0.09337099999999993
1 0.61109375 0.5222244087591241 0.024375000000000036 0.153128
1 0.618828125 0.7174577883211678 0.0368750000000001 0.066293
1 0.6195703125 0.17505613868613137 0.025624999999999898 0.14005599999999999
1 0.6257421875 0.5309168467153285 0.023125000000000062 0.14565799999999993
1 0.6408203125 0.775466496350365 0.02562500000000001 0.07282899999999988
1 0.656015625 0.8413296569343065 0.05125000000000002 0.18767500000000015
1 0.643515625 0.17797584671532846 0.020625000000000004 0.145658
1 0.6708203125 0.5597431386861315 0.02562500000000001 0.13725499999999993
1 0.678203125 0.48606851824817515 0.036250000000000004 0.05042000000000004
1 0.6978515625 0.5676869708029197 0.03500000000000003 0.16246499999999992
1 0.705 0.18649755474452556 0.03312500000000007 0.14939299999999997
1 0.7069140625 0.46756524817518247 0.01937500000000003 0.03641399999999996
1 0.7201171875 0.4990218102189781 0.023125000000000062 0.04668599999999994
1 0.7301953125 0.4707213722627737 0.02562500000000001 0.055089000000000034
1 0.733125 0.5956979708029198 0.03312499999999996 0.163399
1 0.73046875 0.17215109489051095 0.024375000000000036 0.180205
1 0.740625 0.17215109489051095 0.03312500000000007 0.180205
1 0.749921875 0.18201394890510947 0.028750000000000053 0.18300699999999998
1 0.7501171875 0.5230093722627737 0.022499999999999964 0.055089000000000034
1 0.765 0.6055618248175182 0.03187499999999999 0.16526600000000005
1 0.7715234375 0.18697138686131387 0.030625000000000013 0.17366999999999996
1 0.786328125 0.6384115547445256 0.03687499999999999 0.15126000000000003
1 0.786015625 0.18160680291970802 0.020625000000000004 0.186741
1 0.7971484375 0.1911812189781022 0.030625000000000013 0.197012
1 0.8701953125 0.9392873065693431 0.150625 0.11484599999999992
1 0.81125 0.5730889124087591 0.03187499999999999 0.08403399999999991
1 0.8175 0.2005182189781022 0.03312499999999996 0.197012
1 0.8227734375 0.35453422627737224 0.02937500000000004 0.05695700000000001
1 0.8376953125 0.5905404744525548 0.02562500000000001 0.09336999999999987
1 0.8533203125 0.70592699270073 0.057499999999999996 0.1419239999999999
1 0.8421484375 0.19158836496350368 0.02937500000000004 0.19514499999999999
1 0.8403125 0.4844899562043796 0.015625 0.04201699999999996
1 0.8496484375 0.20780182481751824 0.02937500000000004 0.16433299999999998
1 0.8549609375 0.541528306569343 0.015000000000000013 0.11671300000000005
1 0.859140625 0.11550522627737227 0.020625000000000004 0.056956999999999994
1 0.8716796875 0.5973649124087591 0.038124999999999964 0.08216599999999989
1 0.8765625 0.20318584671532844 0.04874999999999996 0.144724
1 0.9056640625 0.2083953649635037 0.050000000000000044 0.193277
1 0.9062109375 0.6931080729927007 0.04499999999999993 0.20074699999999995
1 0.9063671875 0.3917645182481752 0.02312499999999995 0.05135399999999997
1 0.9165234375 0.5894210802919708 0.02937500000000004 0.05975699999999997
1 0.9383984375 0.6529954306569343 0.02937500000000004 0.13351999999999994
1 0.939375 0.547641496350365 0.03312500000000007 0.07282900000000005
1 0.9357421875 0.2228085109489051 0.021874999999999978 0.19141
1 0.9433984375 0.7208816569343065 0.02937500000000004 0.18954199999999993
1 0.9457421875 0.21861434306569347 0.02312499999999995 0.214752
1 0.9683203125 0.6264432846715328 0.02562500000000001 0.13632200000000005
1 0.9669921875 0.2231126131386861 0.02312499999999995 0.227824
1 0.9773828125 0.7652925109489053 0.041874999999999996 0.191409
1 0.978828125 0.9748046642335767 0.03562499999999991 0.04761899999999999
1 0.98609375 0.2231126131386861 0.025000000000000022 0.229692
