1 0.2090625 0.5852604166666667 0.07999999999999999 0.325833
1 0.096875 0.4214059166666666 0.03125 0.0925000000000001
1 0.1152734375 0.4290100833333333 0.031249999999999986 0.09666699999999999
1 0.1461328125 0.48036491666666664 0.07375 0.24750000000000005
1 0.278984375 0.48895833333333333 0.10562499999999997 0.323333
1 0.325 0.55567675 0.09499999999999997 0.30666699999999997
1 0.3601953125 0.3902083333333333 0.08875000000000005 0.13583299999999995
1 0.3822265625 0.5151038333333333 0.065 0.215
1 0.4680859375 0.550833 0.07749999999999996 0.25249999999999995
1 0.464296875 0.41687499999999994 0.028749999999999998 0.09500000000000004
1 0.507265625 0.47140625 0.08312499999999995 0.2583329999999999
1 0.5923046875 0.5342711666666666 0.07000000000000006 0.256666
1 0.652265625 0.4978128333333333 0.05249999999999999 0.18416600000000014
1 0.6525 0.4367711666666667 0.032500000000000084 0.13166599999999998
1 0.702109375 0.44333333333333336 0.04437499999999994 0.16916699999999998
1 0.7202734375 0.51494825 0.06062500000000004 0.22833300000000004
1 0.8109765625 0.498542 0.06624999999999992 0.22083300000000006
1 0.83875 0.4645315833333334 0.03187499999999999 0.20666599999999993
1 0.90328125 0.4881253333333333 0.07124999999999992 0.20000000000000004
