1 0.9412890625 0.589190837587007 0.08125000000000004 0.24795899999999998
1 0.15703125 0.6449315522041764 0.133125 0.564959
1 0.2066015625 0.6102164988399071 0.09625 0.38827000000000006
1 0.26625 0.5615887563805104 0.09500000000000003 0.3689680000000001
1 0.33953125 0.5588475081206496 0.070625 0.28804799999999997
1 0.3750390625 0.5036688770301624 0.01874999999999999 0.07275400000000001
1 0.42109375 0.5449263944315544 0.05625000000000002 0.260579
1 0.5383984375 0.5414461160092807 0.0618749999999999 0.25389800000000007
1 0.575625 0.4964327331786543 0.03312499999999996 0.12026700000000003
1 0.6384765625 0.5607944663573086 0.06500000000000006 0.23682199999999998
1 0.7202734375 0.5676603526682135 0.06062500000000004 0.21083900000000008
1 0.8202734375 0.581578981438515 0.06062499999999993 0.20044600000000004
