1 0.6828515625 0.9005631831357049 0.15937500000000004 0.19392999999999996
1 0.03125 0.9375030606060607 0.0625 0.12225999999999987
1 0.112734375 0.9386094914361001 0.075625 0.11382800000000012
1 0.1785546875 0.9599515533596839 0.03875000000000001 0.06576699999999998
1 0.187890625 0.8946580764163373 0.05124999999999999 0.06661100000000007
1 0.2044921875 0.9586340303030304 0.022499999999999992 0.060707999999999956
1 0.3058984375 0.9269642450592884 0.06124999999999997 0.14333900000000002
1 0.3824609375 0.9481465533596838 0.07687500000000003 0.06408099999999999
1 0.5616015625 0.9478307839262188 0.06499999999999995 0.09106299999999996
1 0.8810546875 0.9447749222661397 0.10124999999999995 0.10708299999999994
1 0.9266015625 0.8980324453227931 0.06499999999999995 0.11045499999999994
1 0.9725390625 0.9417713992094862 0.050000000000000044 0.10371000000000008
