1 0.164609375 0.4385187680945347 0.2625 0.16446099999999994
1 0.1507421875 0.839692341211226 0.179375 0.20699400000000004
1 0.318984375 0.8874178242245199 0.16875 0.13610600000000006
1 0.36609375 0.4138172023633678 0.05499999999999999 0.06332700000000004
1 0.3802734375 0.49149767799113736 0.06062500000000004 0.05009400000000007
1 0.4798046875 0.8994064608567209 0.16375 0.09924299999999996
1 0.4090625 0.4796808389955687 0.01687500000000003 0.024575000000000066
1 0.474375 0.45215998522895123 0.125 0.11247700000000009
1 0.61375 0.9204988242245199 0.125625 0.1379960000000001
1 0.741640625 0.9244552998522896 0.1768749999999999 0.12287299999999984
1 0.8462109375 0.6165563633677992 0.014375000000000027 0.040641999999999914
1 0.8558203125 0.8956254608567208 0.026874999999999982 0.09924399999999996
1 0.874765625 0.8911941462333826 0.020625000000000004 0.08884699999999995
1 0.8796875 0.6214005731166913 0.01750000000000007 0.044422999999999976
1 0.8837109375 0.6444984682422452 0.01375000000000004 0.04253300000000003
1 0.9440625 0.8053227459379615 0.10999999999999999 0.3327029999999999
