1 0.20906249999999998 0.4076988130081301 0.26687500000000003 0.16514900000000002
1 0.383046875 0.44215365040650406 0.06 0.13134000000000007
1 0.567109375 0.5603679105691056 0.41812499999999997 0.38361500000000004
1 0.4259375 0.49002725203252034 0.078125 0.15214599999999992
1 0.456015625 0.47995233333333337 0.05250000000000005 0.17035099999999995
1 0.5025 0.5109209349593495 0.06312500000000004 0.18725600000000006
1 0.5416796875000001 0.5167780975609756 0.10125 0.221066
1 0.5871875 0.5184825365853659 0.078125 0.20806299999999994
1 0.6418359375 0.5748143008130081 0.10750000000000004 0.26267900000000005
1 0.70046875 0.6182194227642276 0.11875000000000002 0.2847849999999999
1 0.8180078125 0.6496027886178862 0.166875 0.360208
