1 0.636640625 0.625417 0.05125000000000002 0.18833300000000008
1 0.246875 0.61140625 0.09562500000000002 0.13416699999999984
1 0.3394140625 0.6190104166666667 0.050624999999999976 0.13916699999999996
1 0.4037890625 0.5970833333333334 0.019374999999999976 0.10666699999999991
1 0.4549609375 0.60244825 0.014375000000000027 0.10333300000000005
1 0.80125 0.65578125 0.06312499999999999 0.22750000000000004
1 0.8706640625 0.6444274166666667 0.050000000000000044 0.2016659999999999
1 0.876484375 0.6747916666666667 0.04312499999999997 0.240833
1 0.9078515625 0.6786975833333333 0.06500000000000006 0.3308339999999999
1 0.9755859375 0.65630175 0.04625000000000001 0.2124999999999999
