1 0.40234375 0.8432809166666666 0.805 0.3108340000000001
1 0.423515625 0.9221354166666668 0.020625000000000004 0.04499999999999993
1 0.4755859375 0.8891663333333334 0.014375000000000027 0.0416669999999999
1 0.4949609375 0.88286425 0.014374999999999971 0.040000000000000036
1 0.599609375 0.8490621666666667 0.013125000000000053 0.038334000000000014
1 0.60828125 0.8473961666666666 0.008750000000000036 0.03833300000000003
1 0.6234375 0.8903642499999999 0.015625 0.040000000000000036
1 0.65828125 0.8232291666666667 0.009374999999999911 0.036667000000000005
1 0.8037109375 0.8423961666666666 0.015000000000000013 0.03750000000000009
1 0.9353515625 0.7035934166666666 0.12750000000000006 0.07583399999999996
