1 0.215571875 0.23021752795838754 0.058823000000000014 0.179105
1 0.0078125 0.1854976267880364 0.016807 0.15111899999999998
1 0.36328125 0.34850455136540964 0.726891 0.697761
1 0.043893375 0.23157401690507154 0.043417 0.154851
1 0.0952515625 0.23592572561768532 0.065827 0.126866
1 0.1967485625 0.5339869349804942 0.15966399999999997 0.333956
1 0.13942712499999999 0.14349157737321197 0.03641399999999999 0.164179
1 0.178642125 0.23027362678803642 0.036414999999999975 0.152985
1 0.1885748125 0.12489067620286086 0.042017 0.13806
1 0.3159490625 0.22671179713914172 0.081233 0.160448
1 0.315306625 0.4995532093628088 0.051821000000000006 0.208956
1 0.345604875 0.08186660468140441 0.028011000000000008 0.10634300000000002
1 0.4066135625 0.4269642535760728 0.12745099999999998 0.30223900000000004
1 0.389575 0.05857365409622887 0.03221200000000002 0.091418
1 0.429637875 0.05806414304291287 0.02801199999999998 0.06903000000000001
1 0.482487375 0.7398829947984397 0.07422999999999996 0.10820899999999999
1 0.498408125 0.0494148244473342 0.09803899999999999 0.09888100000000001
1 0.47891525 0.26091550585175555 0.040615999999999985 0.13246199999999997
1 0.6019485625000001 0.21122593498049416 0.22128799999999998 0.33395499999999995
1 0.60459375 0.035110533159947985 0.08683399999999997 0.070896
1 0.9340069375 0.052182901170351105 0.01540600000000003 0.027985000000000003
