1 0.0699609375 0.7109008235294119 0.10875 0.09698699999999985
1 0.15628906250000002 0.49824111764705886 0.08062499999999999 0.22222199999999998
1 0.32359375 0.7059071764705882 0.27375 0.057439000000000066
1 0.3620703125 0.6263987647058824 0.02562500000000001 0.05932199999999998
1 0.47671875 0.6279855294117647 0.02437499999999998 0.06968000000000012
1 0.547421875 0.6349899411764706 0.028125000000000067 0.06497099999999997
1 0.63046875 0.706309 0.08750000000000002 0.10263599999999994
1 0.7321484375 0.8306225294117646 0.06125000000000003 0.2702440000000001
1 0.771953125 0.7598009411764706 0.03687499999999999 0.11581900000000005
1 0.928828125 0.7753849411764706 0.12937500000000002 0.16760799999999998
