1 0.47515625 0.769272 0.10312499999999997 0.37649000000000005
1 0.04296875 0.8085759787234043 0.086875 0.3390120000000001
1 0.1098828125 0.8167638510638298 0.07312500000000001 0.364565
1 0.25601562499999997 0.7322645106382979 0.11437499999999998 0.2691650000000001
1 0.38890625 0.7252413617021276 0.133125 0.25809199999999993
1 0.5280859375 0.6927871914893616 0.04625000000000001 0.21124400000000004
1 0.5602734375 0.6750836595744681 0.030625000000000013 0.15672900000000006
1 0.6175390625 0.7247020851063829 0.08187500000000003 0.275128
1 0.7058984375 0.6762042978723404 0.029999999999999916 0.14821199999999998
1 0.777265625 0.7338024468085106 0.05125000000000002 0.28449699999999994
1 0.92296875 0.7892188085106382 0.08687500000000004 0.417376
