1 0.048828125 0.4625997613469986 0.098125 0.19981300000000007
1 0.1825 0.4756195036603221 0.033125000000000016 0.19418400000000002
1 0.21375 0.49067266325036607 0.06375 0.22138799999999995
1 0.2562109375 0.6756340805270863 0.10812499999999997 0.25422100000000003
1 0.2419921875 0.4624865036603221 0.053749999999999964 0.19605999999999998
1 0.3422265625 0.5239003133235725 0.034999999999999976 0.144465
1 0.4121484375 0.5368047979502196 0.030624999999999958 0.13320899999999997
1 0.4427734375 0.534105055636896 0.030625000000000013 0.138837
1 0.4703515625 0.5468962825768668 0.03375 0.12101299999999993
1 0.4965234375 0.5531646691068813 0.029374999999999984 0.13039400000000007
1 0.5440625 0.54981582284041 0.04874999999999996 0.24671699999999996
1 0.6172265625 0.64015221522694 0.09750000000000003 0.165104
1 0.606015625 0.5146767306002928 0.05125000000000002 0.17729899999999998
1 0.6527734375 0.5687698960468521 0.029999999999999916 0.11163200000000004
1 0.7640625 0.6611589267935578 0.04749999999999999 0.13696
1 0.7790234375 0.5880320863836017 0.06125000000000003 0.16135100000000002
1 0.8215234375 0.700943859443631 0.09312500000000001 0.18105100000000013
1 0.9731640625 0.7260001844802343 0.05062500000000003 0.14071299999999995
