1 0.1767578125 0.33536425000000003 0.355 0.41499999999999987
1 0.3875390625 0.6376045 0.08125000000000004 0.17250000000000001
1 0.4216796875 0.852083 0.10062499999999996 0.18833399999999992
1 0.451171875 0.6363024166666666 0.06 0.170833
1 0.5426562500000001 0.8471871666666666 0.13437499999999997 0.19500000000000015
1 0.5453515625 0.6392190833333333 0.1275 0.19083300000000003
1 0.6416015625 0.63125 0.06625000000000003 0.189167
1 0.64609375 0.8691145833333334 0.05499999999999994 0.14583299999999996
1 0.68734375 0.6284375 0.08624999999999994 0.17416700000000004
1 0.6817578125 0.8452086666666666 0.04125000000000001 0.17750000000000007
1 0.7223046875 0.8745836666666666 0.06874999999999998 0.14666600000000005
1 0.7263671875 0.6432809166666668 0.05312500000000009 0.18583399999999997
1 0.823828125 0.84598925 0.13 0.19583399999999992
1 0.8294140625 0.6315625 0.11187499999999995 0.20333299999999999
1 0.9428125 0.64713575 0.11124999999999996 0.08666599999999998
1 0.9467578125 0.8495315833333333 0.104375 0.2066660000000001
