1 0.605625 0.7136455 0.09437499999999999 0.3924999999999999
1 0.016875 0.7417184166666666 0.03125 0.4825000000000001
1 0.0627734375 0.7713024166666668 0.060625 0.41999999999999993
1 0.1078125 0.7820312499999998 0.04874999999999999 0.415
1 0.1697265625 0.7495309166666666 0.15875 0.4983340000000001
1 0.397578125 0.6170315833333334 0.036250000000000004 0.08166599999999995
1 0.4399609375 0.6183850833333334 0.04625000000000001 0.06666699999999996
1 0.4812109375 0.6611975833333333 0.04625000000000001 0.20666700000000002
1 0.51046875 0.6639065833333334 0.024374999999999925 0.1758329999999999
1 0.5644140625 0.6492705 0.05062499999999992 0.2983340000000001
