1 0.56984375 0.8671369152542373 0.055625000000000036 0.20450799999999994
1 0.21625 0.8959866962190353 0.09562500000000002 0.20617699999999994
1 0.3128515625 0.8879503820078227 0.09625 0.22203599999999998
1 0.3371484375 0.8812798865710562 0.02999999999999997 0.18029999999999993
1 0.41328125 0.9007885723598434 0.07125000000000004 0.19616000000000008
1 0.39921875 0.8292802385919166 0.02437499999999998 0.10684399999999998
1 0.4263671875 0.8291286479791395 0.021874999999999978 0.07762899999999995
1 0.4779296875 0.8388274576271187 0.03875000000000001 0.10267099999999997
1 0.554296875 0.8374681434159061 0.028749999999999942 0.11936599999999999
1 0.5728125 0.7948566192959583 0.015625 0.05342300000000006
1 0.5952734375 0.8298996101694915 0.030000000000000027 0.13773000000000002
1 0.6993359375 0.8109162385919165 0.20125000000000004 0.10433999999999997
1 0.6660546875 0.851698667535854 0.03875000000000006 0.18363900000000008
1 0.7315625 0.860411886571056 0.04812499999999997 0.18113500000000007
1 0.804375 0.9288663911342894 0.12625000000000008 0.13939900000000002
1 0.8375 0.9541785528031291 0.09437499999999999 0.08931499999999996
1 0.8971875 0.8091982099087354 0.046875 0.08263799999999995
