1 0.0230859375 0.3530281171303075 0.045625 0.18667899999999996
1 0.038984375 0.4310033748169839 0.075625 0.19043100000000002
1 0.0866015625 0.28911614202049785 0.0975 0.30018700000000004
1 0.1783984375 0.6057444011713031 0.279375 0.7842399999999999
1 0.20859375 0.2591931786237188 0.08687500000000001 0.23264600000000002
1 0.2625 0.3484513748169839 0.06374999999999997 0.19230800000000003
1 0.3175 0.32777021522693994 0.06374999999999997 0.16510300000000003
1 0.4776171875 0.5443478125915081 0.179375 0.9052540000000001
1 0.547890625 0.5489245549048316 0.17687499999999995 0.8996249999999999
1 0.653671875 0.3604465841874085 0.05999999999999994 0.44746700000000006
1 0.7237890625 0.5489245549048316 0.17562500000000003 0.8996249999999999
1 0.80421875 0.5411219414348463 0.24375000000000002 0.909944
1 0.9201171875 0.40292354172767203 0.11562499999999998 0.606004
1 0.9780078125 0.3246671054172767 0.041874999999999996 0.366792
