1 0.0458984375 0.48057258333333336 0.060625 0.17583399999999996
1 0.031796875 0.4456246666666666 0.0275 0.11500000000000006
1 0.0423828125 0.4244274166666666 0.04125 0.07750000000000005
1 0.076875 0.5243229166666666 0.09562499999999999 0.28
1 0.1088671875 0.41864583333333333 0.023124999999999993 0.058333000000000045
1 0.1872265625 0.5633850833333334 0.16 0.316667
1 0.1296484375 0.3996354166666667 0.031249999999999986 0.046667000000000014
1 0.158828125 0.431667 0.06812500000000002 0.12583299999999994
1 0.1444140625 0.4009375 0.018125000000000002 0.048333000000000036
1 0.176796875 0.3973961666666666 0.02812500000000001 0.03833300000000003
1 0.2055859375 0.3994270833333333 0.014374999999999999 0.034999999999999996
1 0.2191796875 0.4091149166666666 0.03875000000000001 0.06083300000000006
1 0.2492578125 0.3960940833333333 0.04125000000000001 0.035000000000000066
1 0.251328125 0.412083 0.036250000000000004 0.06416700000000002
1 0.285078125 0.42796908333333333 0.0675 0.12916600000000003
1 0.301953125 0.3966663333333333 0.036250000000000004 0.041667000000000044
1 0.3105859375 0.4195315833333333 0.04624999999999996 0.08083300000000009
1 0.336953125 0.41213541666666664 0.036250000000000004 0.04666700000000009
1 0.349921875 0.39390658333333334 0.02812500000000001 0.04999999999999997
1 0.3797265625 0.4102604166666666 0.03500000000000003 0.07583300000000004
1 0.4058203125 0.42213575 0.05812499999999998 0.08666600000000006
1 0.3886328125 0.3866145833333334 0.010624999999999996 0.020832999999999952
1 0.41859375 0.3933333333333333 0.024375000000000036 0.04333299999999999
1 0.4396484375 0.3933333333333333 0.030000000000000027 0.04333299999999999
1 0.5053125 0.48583366666666666 0.14187500000000003 0.21000000000000005
1 0.4636328125 0.4210420000000001 0.04249999999999998 0.0949999999999999
1 0.468125 0.38442708333333336 0.03187499999999999 0.035833000000000004
1 0.499140625 0.4072395833333333 0.02124999999999999 0.05166700000000005
1 0.5032421874999999 0.3896354166666667 0.023125000000000007 0.046667000000000014
1 0.582734375 0.39802116666666665 0.10687499999999994 0.06833299999999998
1 0.5562109375 0.4149479166666667 0.04625000000000001 0.06166699999999999
1 0.6175 0.42515658333333334 0.0625 0.11333299999999998
1 0.7051953125 0.5198961666666667 0.213125 0.2874999999999999
1 0.646640625 0.39036425 0.020625000000000004 0.03999999999999996
1 0.6662890625 0.41765625 0.05062500000000003 0.07250000000000001
1 0.6769140625 0.3685934166666667 0.050000000000000044 0.07749999999999997
1 0.7352734375 0.44973925 0.15500000000000003 0.135
1 0.7041015625 0.39484375 0.034375000000000044 0.055000000000000014
1 0.7880078125 0.4054170000000001 0.04125000000000001 0.06416599999999988
1 0.8285546875 0.39802116666666665 0.03874999999999995 0.07000000000000006
1 0.9008984375 0.4702604166666666 0.12375000000000003 0.20166700000000004
1 0.8981640625 0.3946871666666667 0.04937499999999995 0.06916699999999998
1 0.9521484375 0.5139583333333333 0.09312500000000001 0.199167
