1 0.15923143750000002 0.4304163333333333 0.09333399999999999 0.35555600000000004
1 0.336536125 0.4285240833333333 0.06666699999999998 0.253334
1 0.403203125 0.4217015 0.06666700000000003 0.266667
1 0.4649873125 0.43664975 0.056665999999999994 0.24444400000000002
1 0.5310810625 0.4043746666666666 0.050000000000000044 0.3022230000000001
1 0.5679814375 0.4442356666666667 0.030000000000000027 0.2399999999999999
1 0.756536125 0.4548789166666667 0.06666700000000003 0.27999999999999997
1 0.8230341875 0.46116275 0.053332999999999964 0.2755559999999999
1 0.8479814375 0.48553775 0.030000000000000027 0.24444500000000002
1 0.9097001875 0.4886806666666667 0.05333399999999999 0.24
1 0.9275126875 0.48100716666666665 0.06999999999999995 0.288889
