1 0.040234375 0.2504530990752972 0.04375 0.06768199999999996
1 0.058515625 0.280213142668428 0.052500000000000005 0.09729199999999998
1 0.10390625 0.293126321003963 0.070625 0.21489
1 0.1724609375 0.34988545574636726 0.076875 0.3054140000000001
1 0.2273046875 0.2866842813738441 0.06937500000000002 0.18866399999999997
1 0.3180078125 0.43806576089828264 0.135625 0.5076139999999999
1 0.29078125 0.28445830515191545 0.07187500000000002 0.20473800000000006
1 0.4480078125 0.5340991809775429 0.1975 0.787648
1 0.381328125 0.3041842932628798 0.03687499999999999 0.19627699999999998
1 0.5793359375 0.292146214002642 0.04625000000000001 0.14382399999999998
1 0.6334375 0.237110178335535 0.078125 0.11928899999999999
1 0.7435546875 0.3347142021136063 0.09999999999999998 0.137056
1 0.7202734375 0.2249541545574637 0.030625000000000013 0.10406100000000001
1 0.749140625 0.24738112285336858 0.05249999999999999 0.08206399999999996
1 0.823671875 0.30026531704095116 0.09062499999999996 0.213198
1 0.906328125 0.30534231704095116 0.06812499999999999 0.21150599999999994
