1 0.019531312500000002 0.39583283333333336 0.026367 0.08854199999999997
1 0.222656125 0.3789063333333333 0.067383 0.19921900000000006
1 0.2675781875 0.34635450000000007 0.05371100000000001 0.08072900000000001
1 0.3183595 0.3658856666666666 0.046875 0.14843700000000007
1 0.336913625 0.37890583333333333 0.051758000000000026 0.12109399999999997
1 0.509765375 0.5468747500000001 0.04296899999999998 0.179688
1 0.7109374375 0.6223954166666666 0.155273 0.294271
1 0.7832029375 0.579427 0.16992200000000002 0.25
1 0.901367625 0.5820310000000001 0.08300699999999994 0.2513019999999999
1 0.94042925 0.58333325 0.07031299999999996 0.2890629999999999
1 0.9746089375 0.62369825 0.04492200000000002 0.19661399999999998
