1 0.454453125 0.7044443333333333 0.036250000000000004 0.17000000000000004
1 0.017578125 0.26958366666666667 0.036875 0.147777
1 0.18070312500000002 0.5349306666666666 0.12937500000000002 0.5533330000000001
1 0.391015625 0.293611 0.05250000000000005 0.12777800000000003
1 0.438984375 0.22395788888888893 0.011875000000000024 0.05999999999999998
1 0.4667578125 0.2727778888888889 0.011250000000000038 0.031111000000000014
1 0.4717578125 0.29527733333333334 0.011250000000000038 0.04333400000000001
1 0.5042578125 0.07388888888888889 0.011249999999999982 0.027777999999999994
1 0.522109375 0.084514 0.012500000000000067 0.032222
1 0.55578125 0.09277788888888888 0.008750000000000036 0.031111
1 0.5924609375 0.982292 0.04562500000000003 0.032221999999999876
1 0.6083203125 0.36541633333333334 0.02562500000000001 0.10444500000000002
1 0.7053515625 0.2954864444444445 0.19000000000000006 0.35777699999999996
1 0.6241796875 0.06604166666666667 0.006249999999999978 0.052222000000000005
1 0.63765625 0.05812544444444444 0.008749999999999925 0.04555500000000001
1 0.6724609375 0.07493066666666667 0.014375000000000027 0.05444399999999999
1 0.7996484375 0.6038884444444444 0.06187500000000001 0.13888899999999993
1 0.8166796875 0.7309028888888889 0.06937500000000008 0.18666699999999992
1 0.813359375 0.14131922222222223 0.013125000000000053 0.041110999999999995
1 0.8679296875 0.7291667777777778 0.06937499999999996 0.18222200000000002
1 0.906484375 0.4424307777777778 0.043749999999999956 0.15222199999999997
1 0.92609375 0.637083 0.055624999999999925 0.18888900000000014
1 0.925 0.21902777777777777 0.03187499999999999 0.12111100000000002
1 0.951875 0.23222255555555554 0.03187499999999999 0.113333
1 0.969296875 0.6752086666666668 0.05937500000000007 0.1799999999999999
1 0.9822265625 0.41770833333333335 0.03375000000000006 0.13666700000000004
