1 0.3896481875 0.7738615844346549 0.05371099999999995 0.183554
1 0.1904293125 0.7209981453744494 0.025390999999999997 0.036710999999999876
1 0.214843375 0.7092512907488986 0.043945999999999985 0.07195300000000011
1 0.23046925 0.7709252936857562 0.04003900000000002 0.11453699999999996
1 0.253906375 0.7386197209985316 0.043944999999999984 0.096916
1 0.301758 0.681350718061674 0.03320299999999998 0.05286400000000008
1 0.353515875 0.6886934331864905 0.027344000000000035 0.066079
1 0.735351625 0.86637259030837 0.14648400000000006 0.26431799999999983
1 0.7705079375 0.6886932922173273 0.04492200000000002 0.09251100000000004
1 0.8154301875 0.6857567224669604 0.08496000000000004 0.11600499999999996
1 0.837890875 0.86490459030837 0.12109399999999992 0.2657859999999999
1 0.9072261875 0.6930981556534507 0.021485000000000087 0.18208500000000008
1 0.93749975 0.7136561571218796 0.05468800000000007 0.20117499999999994
1 0.96972675 0.8252565961820851 0.056640000000000024 0.34654999999999997
