1 0.947578125 0.4443473529411765 0.0675 0.16195900000000002
1 0.052421875 0.5289238823529412 0.058750000000000004 0.12994399999999992
1 0.095390625 0.6801204117647058 0.145625 0.34934100000000007
1 0.07859374999999999 0.5045696470588235 0.05625 0.08851200000000006
1 0.1820703125 0.5337907647058824 0.08875 0.209039
1 0.1975 0.4742052941176471 0.03312499999999999 0.079096
1 0.256171875 0.5506235882352941 0.09062500000000001 0.20433099999999996
1 0.3991015625 0.8033456470588235 0.315 0.38982999999999995
1 0.3341015625 0.5436714705882353 0.06562499999999999 0.233522
1 0.385078125 0.5701119411764706 0.06812499999999999 0.1657249999999999
1 0.3821875 0.495333705882353 0.04749999999999999 0.07532899999999994
1 0.4419921875 0.6648336470588234 0.14749999999999996 0.29096
1 0.4226953125 0.4745538235294117 0.05750000000000005 0.09510400000000002
1 0.469375 0.658951294117647 0.09499999999999997 0.27777700000000005
1 0.5012890624999999 0.5585272941176471 0.08187499999999998 0.127119
1 0.5115624999999999 0.5187353529411765 0.07937500000000003 0.161959
1 0.522265625 0.44519535294117646 0.020000000000000018 0.062146999999999966
1 0.5796875 0.5127891176470588 0.07937499999999997 0.17231700000000003
1 0.707578125 0.7050760588235294 0.1306250000000001 0.586629
1 0.7609375 0.5299820588235293 0.04749999999999999 0.13747700000000004
1 0.781484375 0.48902735294117644 0.07562499999999994 0.11205299999999997
1 0.779375 0.36283976470588236 0.06374999999999997 0.160075
1 0.8567578125 0.6553537647058824 0.19874999999999998 0.30885099999999993
1 0.8355078125 0.5610560588235294 0.0731250000000001 0.1355929999999999
1 0.9009765625 0.4850918823529412 0.06625000000000003 0.080979
1 0.9563671875 0.5887638823529412 0.08499999999999996 0.181733
1 0.95203125 0.5279305882352942 0.07187500000000002 0.105461
