1 0.0361328125 0.5377604166666666 0.073125 0.20166700000000004
1 0.05625 0.5245836666666667 0.06312499999999999 0.14833299999999996
1 0.2207421875 0.5111461666666667 0.053125000000000006 0.10000000000000009
1 0.27621093750000003 0.5319791666666667 0.07749999999999999 0.10000000000000002
1 0.2929296875 0.4803128333333333 0.03750000000000003 0.058333000000000045
1 0.383671875 0.5355725833333334 0.05937500000000001 0.17583400000000005
1 0.5208984375 0.45416666666666666 0.21687500000000004 0.5850000000000001
1 0.6353125 0.4779690833333334 0.08000000000000007 0.253333
1 0.692734375 0.4703128333333333 0.16812499999999997 0.5583330000000001
1 0.7505078125 0.5296357500000001 0.260625 0.5883329999999999
1 0.902578125 0.5451559166666667 0.1925 0.905834
