1 0.099609375 0.7322977672035139 0.2 0.10937499999999992
1 0.1455078125 0.8763085651537335 0.292708 0.24218800000000015
1 0.24713575 0.711799963396779 0.023958000000000035 0.06874999999999994
1 0.3193359375 0.7282988653001463 0.139583 0.09062500000000012
1 0.3195966875 0.8778705651537335 0.10000000000000003 0.24062600000000006
1 0.396484375 0.8830499209370425 0.07500000000000001 0.22812600000000005
1 0.3900390625 0.6997913191800877 0.018750000000000044 0.0531250000000001
1 0.418098625 0.7568292884333822 0.019791999999999976 0.029686999999999946
1 0.48776075 0.8811933074670572 0.05624999999999997 0.234375
1 0.4911455 0.7027195768667642 0.016666999999999987 0.06093800000000009
1 0.5141279375 0.7089705768667642 0.014583000000000013 0.059373999999999975
1 0.520442375 0.7328010614934114 0.013541999999999943 0.048436999999999994
1 0.566015625 0.8811933074670572 0.08333299999999999 0.234375
1 0.5328779375 0.7204978038067349 0.014583000000000013 0.04218800000000004
1 0.542057625 0.735630448023426 0.02083299999999999 0.05625100000000012
1 0.5463545 0.7004804172767203 0.015625 0.03437500000000005
1 0.5684248125 0.7034086749633968 0.011457999999999968 0.03906200000000001
1 0.579817375 0.7031140614934114 0.013542000000000054 0.04687400000000003
1 0.6439453125 0.8698618228404098 0.11979200000000001 0.24687500000000012
1 0.596484375 0.701747803806735 0.012500000000000067 0.04218699999999998
1 0.608984375 0.6972575461200585 0.012499999999999956 0.0375000000000001
1 0.6192060625 0.7034086749633968 0.018750000000000044 0.040625000000000064
1 0.7340498125 0.8662444670571009 0.16770799999999997 0.26250100000000015
1 0.785546875 0.7133629633967788 0.18541700000000005 0.0687500000000001
1 0.772786125 0.9751848038067349 0.09791700000000003 0.04375100000000017
1 0.7712890625 0.7976390922401172 0.017708000000000057 0.0718749999999999
1 0.798958 0.8265401229868229 0.03125 0.09531199999999991
1 0.905338875 0.570747663250366 0.18541600000000003 0.220312
1 0.85130175 0.8553422825768668 0.023959000000000064 0.12031199999999997
1 0.9320966875 0.9734260614934115 0.13229100000000005 0.04843800000000005
1 0.8824873125 0.8730096998535871 0.02604099999999998 0.15468800000000008
1 0.903776375 0.7209891595900438 0.012500000000000067 0.026563000000000035
1 0.922265625 0.7288021595900439 0.02083299999999999 0.026563000000000035
1 0.956640625 0.7025238345534408 0.08333299999999999 0.06562399999999982
1 0.9764970625 0.78943360761347 0.018749999999999933 0.08437399999999996
