1 0.285807625 0.49985525 0.08246500000000001 0.10300899999999998
1 0.33116275 0.5033275833333334 0.054688000000000014 0.08333300000000003
1 0.3612195625 0.49667274999999994 0.033853999999999995 0.08796300000000008
1 0.3959415625 0.49074033333333333 0.065973 0.10648200000000003
1 0.43880175 0.4641203333333333 0.054688000000000014 0.10416699999999997
1 0.476562 0.48292783333333333 0.06250000000000006 0.09027800000000001
1 0.5259329374999999 0.4742481666666667 0.07725700000000008 0.10069399999999999
1 0.5589194375 0.4905955833333333 0.06163200000000002 0.08217599999999996
1 0.6140406875 0.49160850000000006 0.06944500000000009 0.07986099999999989
1 0.6657985 0.4801789166666666 0.07986100000000007 0.12268600000000007
1 0.7414275625 0.48640083333333334 0.06510500000000008 0.09027699999999994
1 0.7935110625 0.49623816666666665 0.08159699999999992 0.09953700000000006
1 0.8649091875 0.48726833333333336 0.08420099999999997 0.10648200000000003
