1 0.01953125 0.40170417826617827 0.04 0.357031
1 0.1325390625 0.6695143296703296 0.174375 0.659375
1 0.09937499999999999 0.38439909768009767 0.095 0.196093
1 0.23375 0.40379514285714285 0.06437499999999996 0.28749899999999995
1 0.2838671875 0.4585381733821734 0.085625 0.34687499999999993
1 0.3574609375 0.4867151843711844 0.10749999999999998 0.371093
1 0.5523828125 0.4149701196581197 0.104375 0.240625
1 0.5294921875 0.31993404884004883 0.053749999999999964 0.09999999999999998
1 0.6877734375 0.4863641465201465 0.155625 0.29453100000000004
1 0.715859375 0.3622811013431013 0.04437500000000005 0.204687
1 0.7703125 0.35221808424908424 0.048125000000000084 0.170312
1 0.82921875 0.35280307936507943 0.05500000000000005 0.15937499999999996
1 0.939765625 0.3358070647130647 0.05249999999999999 0.13124999999999998
