1 0.7304497309184994 0.5561248750000001 0.126583 0.24665399999999998
1 0.4415253635187581 0.4186129375 0.4481010000000001 0.171128
1 0.420643254851229 0.2948045625 0.036709000000000006 0.03441700000000003
1 0.45799245924967663 0.334432375 0.09620200000000001 0.07552599999999998
1 0.44579228848641655 0.2697625 0.02278500000000005 0.016252999999999962
1 0.45459696636481245 0.2620939375 0.017721999999999963 0.01434000000000002
1 0.4685772884864166 0.2468801875 0.022784999999999975 0.022943999999999992
1 0.5742672406209574 0.3160721875 0.1974689999999999 0.147227
1 0.659007509702458 0.44195875 0.07341800000000001 0.11759099999999995
1 0.664974915912031 0.26888875 0.03924000000000013 0.023901000000000006
1 0.6942835433376456 0.3383180625 0.058227999999999926 0.08030599999999999
1 0.7213387813712807 0.44673875 0.10126599999999993 0.11854700000000001
1 0.6901792716688229 0.2765573125 0.02911399999999989 0.02581300000000003
