1 0.6474609375 0.5029166666666667 0.13937500000000003 0.521667
1 0.0205078125 0.5024996666666667 0.041875 0.21000000000000005
1 0.087890625 0.5917184166666667 0.17625 0.7324999999999999
1 0.2320703125 0.6448440833333333 0.15125 0.471666
1 0.3604296875 0.5727604166666667 0.13187500000000002 0.576667
1 0.429140625 0.3495309166666667 0.051875000000000004 0.12416699999999992
1 0.4826953125 0.5506253333333333 0.12 0.5733330000000001
1 0.829296875 0.5697399166666667 0.27749999999999997 0.466666
1 0.7614453125 0.36895833333333333 0.12062499999999998 0.32333300000000004
1 0.729375 0.30937466666666663 0.03125 0.05333399999999999
1 0.89765625 0.654583 0.1968749999999999 0.6883340000000001
