1 0.8616796875 0.5910984601769912 0.03874999999999995 0.14258799999999994
1 0.046796875 0.7383410206489676 0.09125 0.5203019999999999
1 0.14894531249999998 0.9204750914454278 0.15125 0.1567519999999999
1 0.2552734375 0.6266135427728613 0.030624999999999986 0.22096299999999996
1 0.3425 0.5818983451327433 0.0625 0.10670400000000005
1 0.3894921875 0.5718619026548672 0.021875000000000033 0.12558999999999998
1 0.448671875 0.7921689439528024 0.12125000000000002 0.16241799999999987
1 0.438515625 0.549909197640118 0.020625000000000004 0.11236999999999996
1 0.4606640625 0.5600624926253688 0.019374999999999976 0.101983
1 0.4889453125 0.673907418879056 0.05812500000000004 0.10387200000000005
1 0.5071875 0.5554583451327434 0.016874999999999973 0.10764800000000008
1 0.5417578125 0.6020000265486726 0.041874999999999996 0.24173700000000004
1 0.5615234375 0.5886713539823009 0.030625000000000013 0.18791300000000008
1 0.588515625 0.5904425014749263 0.020625000000000004 0.181303
1 0.6441015625 0.6004707640117993 0.034375000000000044 0.209631
1 0.6746875 0.590208796460177 0.015625 0.169972
1 0.70046875 0.5843090914454278 0.024375000000000036 0.15863999999999995
1 0.7201171875 0.574803575221239 0.023125000000000062 0.1784699999999999
1 0.77328125 0.5178748938053097 0.009375000000000022 0.04532500000000007
1 0.91734375 0.581672820058997 0.024375000000000036 0.05004700000000002
1 0.938515625 0.5240708200589971 0.02124999999999999 0.05004699999999994
1 0.9724609375 0.5152130825958702 0.014375000000000027 0.07932000000000006
