1 0.17415173060029282 0.725625 0.17636000000000002 0.40812500000000007
1 0.3087979209370425 0.7381640625 0.226079 0.26812500000000006
1 0.42702285944363105 0.666171875 0.17917499999999995 0.27875000000000005
1 0.4893928901903367 0.481171875 0.20262600000000006 0.18437499999999996
1 0.5279499267935579 0.761796875 0.13602299999999998 0.24749999999999994
1 0.5690156325036603 0.5519140625000001 0.19699799999999995 0.2375
1 0.5825173440702782 0.3492578125 0.16885499999999992 0.16750000000000004
1 0.6401963748169839 0.2724609375 0.19230799999999998 0.17125
1 0.6635081786237189 0.4201171875 0.23358399999999982 0.179375
1 0.780681859443631 0.29972656249999996 0.17917399999999997 0.25312500000000004
