1 0.8258466875 0.4785166375838926 0.13194399999999995 0.5536989999999999
1 0.1123046875 0.5314987651006711 0.226389 0.664678
1 0.214540375 0.4587024026845637 0.04374999999999998 0.21837700000000004
1 0.3277998125 0.45434945637583896 0.011110999999999982 0.08114599999999998
1 0.34071225 0.4557314899328858 0.009027000000000007 0.057279000000000045
1 0.4008030625 0.46079258389261746 0.04930500000000004 0.19451099999999993
1 0.531727875 0.4465528322147651 0.028472000000000053 0.12052500000000009
1 0.5613063125 0.43603712751677853 0.02708300000000008 0.112172
1 0.601171875 0.444426389261745 0.029166999999999943 0.13007199999999994
1 0.6402125625 0.4645968791946309 0.033332999999999946 0.18735099999999993
1 0.6666451875 0.4732104362416107 0.05277799999999999 0.19689700000000002
1 0.8907330625 0.4546738120805369 0.08194500000000005 0.23389
1 0.9730250625 0.528347543624161 0.050695000000000046 0.422434
