1 0.3534375 0.6786496573938506 0.10999999999999999 0.3133209999999999
1 0.4213671875 0.5278798286969253 0.08499999999999996 0.15759899999999996
1 0.4902734375 0.6897923997071742 0.060624999999999984 0.305817
1 0.7216796875 0.5525078477306002 0.44437499999999996 0.36116400000000004
1 0.5379296875 0.5462558960468521 0.06937499999999996 0.11350899999999996
1 0.5973046875 0.33339049780380675 0.13187499999999996 0.285178
1 0.5878125 0.553006251830161 0.048125000000000084 0.09943800000000001
1 0.6209375 0.6849622035139092 0.078125 0.34803
1 0.6491015625 0.5088643748169839 0.06625000000000003 0.19230799999999998
1 0.821328125 0.27364239385065886 0.348125 0.395872
1 0.729453125 0.5199639575402635 0.0675 0.15947400000000003
1 0.870703125 0.1180683074670571 0.255625 0.23452199999999995
1 0.8121875 0.5310366017569547 0.07937500000000008 0.17354600000000003
1 0.8541015625 0.7127634304538799 0.06625000000000003 0.32833000000000007
