1 0.5293359375 0.45984311843711845 0.10937499999999994 0.23828099999999997
1 0.0263671875 0.4276480463980464 0.05375 0.09453100000000006
1 0.096015625 0.41256105006105004 0.08250000000000002 0.10156299999999999
1 0.1128125 0.3601190476190476 0.048125000000000015 0.096094
1 0.169296875 0.6407711978021978 0.12125000000000001 0.39765599999999995
1 0.1609375 0.26656103296703293 0.048125 0.06718700000000002
1 0.6916796875 0.5715251660561661 0.16375000000000006 0.33359300000000003
1 0.7570703125 0.5719131562881563 0.15125 0.313281
1 0.90015625 0.405726054945055 0.07125000000000004 0.111719
1 0.967265625 0.4167620573870574 0.05249999999999999 0.11484399999999999
