1 0.93515575 0.41145799999999993 0.11718800000000007 0.40625
1 0.0390625 0.2833333333333334 0.078125 0.23125000000000004
1 0.374609375 0.48020833333333335 0.73125 0.510417
1 0.1779296875 0.38437499999999997 0.06875 0.28125000000000006
1 0.2142578125 0.6039059166666667 0.07343799999999998 0.21874999999999986
1 0.2923828125 0.37994825 0.10468799999999998 0.291666
1 0.37578075 0.37161425 0.08593800000000001 0.289584
1 0.45234375 0.36796841666666663 0.08750000000000002 0.295834
1 0.5525390625 0.39218749999999997 0.08125000000000004 0.29791700000000004
1 0.6373041875 0.3846354166666666 0.05312500000000009 0.295833
1 0.6853515625 0.3942711666666667 0.09687500000000004 0.3187499999999999
