1 0.121171875 0.4213545 0.09000000000000001 0.35999999999999993
1 0.033203125 0.4453125 0.0675 0.641667
1 0.0674609375 0.5921350833333334 0.045 0.1299999999999999
1 0.0935546875 0.29671841666666665 0.037500000000000006 0.10833400000000004
1 0.19859375 0.3818225833333333 0.05499999999999999 0.23833400000000005
1 0.276015625 0.4456253333333333 0.08374999999999999 0.4483330000000001
1 0.427734375 0.31234341666666665 0.04375000000000001 0.13833399999999998
1 0.71046875 0.34312533333333334 0.025000000000000022 0.07499999999999996
1 0.7469921875 0.36385416666666665 0.022500000000000075 0.06833299999999998
1 0.7694921875 0.3455729166666666 0.022499999999999964 0.09333300000000004
