1 0.3851171875 0.40610769284064663 0.05437500000000001 0.34467500000000006
1 0.1095703125 0.5135833787528868 0.025624999999999995 0.242604
1 0.1750390625 0.523183129330254 0.04999999999999999 0.27958600000000006
1 0.20125 0.40472118937644347 0.03312499999999999 0.12130099999999995
1 0.3133203125 0.39945272055427256 0.02562500000000001 0.11834299999999998
1 0.337578125 0.40050884757505767 0.03687499999999999 0.24851999999999996
1 0.3705859375 0.3632259699769053 0.014999999999999958 0.08135999999999995
1 0.48703125 0.4575075958429562 0.04062500000000002 0.1360939999999999
1 0.4965625 0.35536137644341803 0.016874999999999973 0.09615299999999996
1 0.5225 0.5247688475750577 0.03187499999999999 0.24852099999999996
1 0.55734375 0.42849490762124715 0.024374999999999925 0.090237
1 0.6235546875 0.6373147875288684 0.10125000000000006 0.40532500000000005
1 0.7368359375 0.6178276304849885 0.04500000000000004 0.355029
1 0.800234375 0.5986271293302541 0.07562499999999994 0.27958599999999995
1 0.8208203125 0.40576309468822175 0.02562500000000001 0.06065099999999996
1 0.8386328125 0.5148377205542726 0.04249999999999998 0.11834299999999998
1 0.8894140625 0.632739570438799 0.08187500000000003 0.5118350000000002
1 0.943359375 0.4980219076212471 0.012499999999999956 0.09171599999999995
1 0.9537890625 0.4868364387990762 0.018125000000000058 0.08727800000000005
1 0.967890625 0.5006180323325635 0.020625000000000004 0.06952699999999998
