1 0.665 0.6503050805270864 0.06312499999999999 0.253284
1 0.059062500000000004 0.6969374055636897 0.078125 0.21388399999999988
1 0.073515625 0.3248678960468521 0.051250000000000004 0.11350799999999998
1 0.140625 0.32527976720351387 0.0325 0.10975600000000003
1 0.1844921875 0.3263320248901903 0.023125000000000007 0.11538400000000001
1 0.2308984375 0.3271557672035139 0.030625000000000013 0.10975599999999999
1 0.3000390625 0.6768956325036602 0.080625 0.197936
1 0.5155859375 0.5211053206442167 0.20124999999999998 0.530018
1 0.4458984375 0.338228411420205 0.029374999999999984 0.12476600000000002
1 0.477421875 0.34809138067349926 0.02812500000000001 0.101314
1 0.55234375 0.675660019033675 0.05625000000000002 0.20544099999999987
1 0.610078125 0.4700364494875549 0.12937500000000002 0.534709
1 0.8702734375 0.6622985036603221 0.030625000000000013 0.1941840000000001
1 0.972890625 0.6802722035139092 0.051875000000000004 0.346154
1 0.9688671875 0.38737712298682286 0.02312499999999995 0.09568499999999992
