1 0.1140625 0.85546825 0.140625 0.1343749999999999
1 0.137109875 0.66328125 0.028123999999999996 0.07187499999999991
1 0.153515625 0.65546875 0.020312000000000024 0.05624999999999991
1 0.46796925 0.84609375 0.04062399999999999 0.08593800000000007
1 0.492187 0.839063 0.031250000000000056 0.09375
1 0.512108875 0.8490234375 0.028125999999999984 0.09218700000000002
1 0.5396484375 0.848828625 0.029687999999999937 0.082812
1 0.56328075 0.8427729375 0.02500100000000005 0.10781299999999994
1 0.58828125 0.841796875 0.04062500000000002 0.09062499999999996
1 0.61640625 0.846875 0.03906299999999996 0.09531199999999995
1 0.770703125 0.366797375 0.035937 0.04374900000000004
1 0.7716796875 0.3107426875 0.03749999999999998 0.03749999999999998
1 0.7712885625 0.254296375 0.034375000000000044 0.04375100000000001
1 0.773437 0.415625 0.03281299999999998 0.03281299999999998
1 0.7861328125 0.59921825 0.042188 0.04062600000000005
1 0.7853515625 0.5302729375 0.03437499999999993 0.04531299999999994
1 0.7869135625 0.6697260625 0.03437599999999996 0.050000000000000044
1 0.78984325 0.708203125 0.03906299999999996 0.035937
