1 0.4737931282051282 0.8196710625 0.257353 0.269412
1 0.1354430927960928 0.7717444375 0.186765 0.310588
1 0.1247040805860806 0.33738693750000004 0.16323500000000002 0.232942
1 0.1564690402930403 0.26602899999999996 0.080883 0.125883
1 0.2492310757020757 0.271397 0.15147100000000002 0.18941200000000002
1 0.3109420903540904 0.79704975 0.18088300000000002 0.305882
1 0.5304311892551893 0.5553649375 0.38088299999999997 0.26470600000000005
1 0.7367521367521367 0.852789875 0.275 0.277647
1 0.699204083028083 0.4034076875 0.1676480000000001 0.16352899999999998
1 0.7571981086691087 0.2225390625 0.21764699999999998 0.205882
1 0.8359761477411478 0.5103053125 0.2955889999999999 0.24588299999999996
1 0.7427080500610501 0.8475205625 0.10147099999999996 0.06470600000000004
1 0.8833310671550672 0.30913650000000004 0.135295 0.141176
