1 0.8229296875 0.59963575 0.1312500000000001 0.588333
1 0.033203125 0.6215621666666666 0.0675 0.28833400000000003
1 0.2087109375 0.5427083333333332 0.10874999999999999 0.3866670000000001
1 0.27054687499999996 0.520833 0.060000000000000026 0.37666700000000003
1 0.3128515625 0.5622395833333332 0.09625 0.42666700000000013
1 0.37421875 0.44697950000000003 0.08750000000000002 0.391666
1 0.4072265625 0.5807809166666668 0.1275 0.4349999999999999
1 0.4759765625 0.3763541666666667 0.06500000000000006 0.19333299999999998
1 0.511015625 0.5825524166666667 0.08374999999999999 0.48333299999999985
1 0.57171875 0.34442675 0.08749999999999991 0.24333400000000002
1 0.62171875 0.59005175 0.14875000000000005 0.525
1 0.6669921875 0.3462503333333333 0.08499999999999996 0.22999999999999998
1 0.7237109375 0.5804163333333333 0.10875000000000001 0.6050000000000001
