1 0.2555078125 0.6140104166666668 0.04250000000000004 0.1391669999999999
1 0.2891015625 0.61005175 0.03375 0.15
1 0.401328125 0.6051041666666667 0.03562500000000002 0.13249999999999998
1 0.4526171875 0.6266149166666666 0.05437500000000001 0.18666600000000008
1 0.5051171875 0.5503645833333334 0.02312499999999995 0.08333300000000003
1 0.5487890625 0.5617190833333333 0.018124999999999947 0.06583299999999996
1 0.56546875 0.5633850833333334 0.025000000000000022 0.06583399999999988
1 0.56703125 0.55765625 0.009375000000000022 0.07250000000000001
1 0.6203515625 0.60973925 0.03374999999999995 0.134167
1 0.6396484375 0.6078125 0.030000000000000027 0.141667
1 0.75421875 0.5625003333333334 0.023749999999999938 0.04249999999999998
1 0.8637890625 0.5271354166666667 0.018125000000000058 0.04666699999999994
1 0.9576171875 0.56026075 0.021874999999999978 0.11916599999999995
1 0.9776953125 0.5686461666666668 0.02562500000000001 0.09999999999999994
