1 0.8730078125 0.49705899410029497 0.135625 0.280453
1 0.0458984375 0.522203436578171 0.091875 0.26345599999999997
1 0.111875 0.5049717315634218 0.09375 0.25118100000000004
1 0.2591796875 0.6567896430678466 0.31875 0.4570349999999999
1 0.2894921875 0.6783570707964602 0.2725 0.6392829999999999
1 0.4771484375 0.43415891150442476 0.186875 0.2039660000000001
1 0.6153906250000001 0.6837893657817109 0.45874999999999994 0.6279509999999999
1 0.5602343750000001 0.6206012418879057 0.138125 0.512748
1 0.65453125 0.5909695044247788 0.290625 0.54202
1 0.93984375 0.6665494808259588 0.11812500000000004 0.6628899999999999
