1 0.9054296875 0.6700941859443631 0.13124999999999998 0.620075
1 0.0515234375 0.5165891727672035 0.030625000000000006 0.32363900000000007
1 0.088203125 0.5239799150805271 0.06812499999999999 0.3170729999999999
1 0.1348828125 0.7092484494875548 0.13624999999999998 0.533771
1 0.15828124999999998 0.5040783382137628 0.07125 0.257973
1 0.3005859375 0.6996571551976574 0.20187499999999997 0.5966229999999999
1 0.441171875 0.5283818052708639 0.12124999999999997 0.5197
1 0.50546875 0.6462821918008784 0.08687499999999992 0.527205
1 0.537109375 0.6689286705710102 0.10624999999999996 0.6069410000000001
1 0.622421875 0.5152123631039531 0.08999999999999997 0.374297
1 0.6762109375 0.6897941859443631 0.13874999999999993 0.6181989999999999
1 0.7230859375 0.44850282284041004 0.0462499999999999 0.247655
1 0.7509375 0.5318785651537336 0.04874999999999996 0.24202600000000002
1 0.7859375 0.6953790263543191 0.11062500000000008 0.5928700000000001
1 0.7657421875 0.5005009765739385 0.053749999999999964 0.36397799999999997
1 0.8777734375 0.37605002489019035 0.029999999999999916 0.11538500000000003
1 0.9691796875 0.36172457101024885 0.038124999999999964 0.15103200000000003
1 0.9804296875 0.4786091420204978 0.03749999999999998 0.30112599999999995
