1 0.4570703125 0.7657093010279001 0.05812499999999998 0.21542799999999995
1 0.1102734375 0.773557154185022 0.029999999999999985 0.15992399999999987
1 0.1283203125 0.753892872246696 0.057499999999999996 0.21354599999999999
1 0.3143359375 0.7574261571218797 0.044999999999999984 0.20225799999999994
1 0.359453125 0.7575655741556534 0.0050000000000000044 0.03856999999999998
1 0.3736328125 0.7556845741556534 0.009999999999999953 0.040450999999999966
1 0.41640625 0.7430420029368576 0.008750000000000036 0.04139199999999999
1 0.4255859375 0.7401051453744494 0.014374999999999971 0.036687999999999936
1 0.44734375 0.802628436123348 0.024375000000000036 0.10630299999999998
1 0.5814453125 0.759949443465492 0.05812499999999998 0.20978399999999994
1 0.6133203125 0.7582522995594714 0.026874999999999982 0.19661299999999987
1 0.7455078125 0.7630252980910426 0.04125000000000001 0.174035
1 0.838515625 0.7515524419970632 0.05249999999999999 0.18908700000000003
1 0.8455078125 0.7494185873715125 0.04250000000000009 0.22389399999999998
1 0.8862890625 0.7630252980910426 0.050000000000000044 0.17591700000000005
