1 0.0166015625 0.6411979166666666 0.034375 0.24750000000000005
1 0.0224609375 0.3972399166666667 0.045625 0.09166599999999996
1 0.4990234375 0.22942741666666666 0.999375 0.450833
1 0.1135546875 0.42583333333333334 0.03875000000000001 0.041666999999999975
1 0.1496484375 0.96375 0.061875 0.06333299999999993
1 0.1679296875 0.3943225833333333 0.03874999999999998 0.11333399999999998
1 0.26328125 0.5287496666666667 0.10187500000000002 0.27166700000000005
1 0.2932421875 0.48598958333333336 0.08500000000000002 0.239167
1 0.3668359375 0.40817708333333336 0.04500000000000004 0.09833299999999993
1 0.434296875 0.6104684166666666 0.09062499999999996 0.2950000000000001
1 0.4787109375 0.4145833333333333 0.04562499999999997 0.10500000000000005
1 0.6415625 0.40578125 0.04874999999999996 0.10333299999999997
1 0.6728125 0.6053128333333333 0.07999999999999996 0.30833300000000013
1 0.7090234375 0.41494824999999996 0.06062500000000004 0.10333300000000005
1 0.7265625 0.5943746666666666 0.04812499999999997 0.30249999999999994
1 0.8347265625 0.44869825 0.03375000000000006 0.03999999999999996
1 0.90359375 0.449792 0.024375000000000036 0.03333299999999998
1 0.94359375 0.41468750000000004 0.055625000000000036 0.11083299999999996
