1 0.7441796875 0.5802995710102489 0.10062500000000008 0.151969
1 0.072265625 0.7429752898975109 0.145625 0.509381
1 0.1228515625 0.539873251830161 0.09625000000000002 0.09943700000000004
1 0.266796875 0.384474803806735 0.02812500000000001 0.042213999999999974
1 0.3338671875 0.58921582284041 0.08437499999999998 0.24765499999999993
1 0.3880078125 0.5868837920937042 0.073125 0.22514
1 0.44328125 0.5786952459736456 0.070625 0.18855499999999994
1 0.4761328125 0.5657456017569547 0.04249999999999998 0.17354600000000003
1 0.4971875 0.5719007306002929 0.04749999999999999 0.17823599999999998
1 0.49953125 0.45086950951683746 0.040000000000000036 0.104127
1 0.5358203125000001 0.5918724055636896 0.08937500000000004 0.21575900000000003
1 0.55078125 0.4653082210834554 0.040000000000000036 0.07504699999999996
1 0.59046875 0.5762661786237189 0.05500000000000005 0.23264600000000002
1 0.6090234375 0.4698849633967789 0.02937500000000004 0.06941900000000002
1 0.6671484375 0.6295969824304539 0.09187500000000004 0.2748599999999999
1 0.8232421875 0.5770726998535871 0.08437499999999998 0.1538460000000001
1 0.836875 0.5321407364568081 0.06374999999999997 0.08630399999999998
1 0.92484375 0.5971586325036603 0.14875000000000005 0.197936
1 0.89171875 0.5519981537335286 0.05625000000000002 0.11726099999999993
