1 0.179921875 0.7142517647058824 0.05937499999999998 0.3606400000000001
1 0.2180859375 0.7006040588235294 0.04500000000000001 0.336158
1 0.2435546875 0.7011442352941177 0.037500000000000006 0.2919019999999999
1 0.261953125 0.6944360588235294 0.03687499999999999 0.288136
1 0.31765625 0.6901715882352941 0.07062500000000005 0.40489599999999987
1 0.358203125 0.6995564705882353 0.03562499999999996 0.283428
1 0.411796875 0.7303031176470589 0.02812500000000001 0.17325799999999994
1 0.4522265625 0.6995981764705883 0.09625 0.35687399999999997
1 0.5218359375 0.6936112352941176 0.04500000000000004 0.291902
1 0.56875 0.6890078235294118 0.06437500000000007 0.3455749999999999
