1 0.14890625 0.6066668888888889 0.25937499999999997 0.7811109999999999
1 0.2727734375 0.5594448888888889 0.09312500000000001 0.5311110000000001
1 0.3643359375 0.6457635555555555 0.2025 0.705556
1 0.4354296875 0.6002773333333333 0.13187499999999996 0.794445
1 0.4809375 0.5828472222222223 0.046875 0.728889
1 0.5779687499999999 0.6435415555555556 0.18062499999999998 0.7077779999999999
1 0.602578125 0.6434725555555556 0.12937500000000002 0.6744439999999998
1 0.672109375 0.5811113333333333 0.07437499999999997 0.6677780000000001
1 0.740703125 0.6516662222222221 0.12937500000000002 0.694445
1 0.79203125 0.6070829999999999 0.07187500000000002 0.6900000000000001
1 0.871796875 0.6066668888888889 0.15249999999999997 0.7811109999999999
