1 0.3982421875 0.7789719941434846 0.023125000000000007 0.09286999999999998
1 0.481640625 0.7365294787701319 0.020625000000000004 0.07973699999999993
1 0.55921875 0.9124075095168376 0.024375000000000036 0.10506599999999987
1 0.5640625 0.7390458653001464 0.015625 0.08911800000000007
1 0.5826171875 0.9149238960468521 0.02312499999999995 0.11350800000000007
1 0.6076953125 0.9071913806734992 0.02562500000000001 0.10131299999999999
1 0.6480859375 0.7733429941434846 0.015000000000000013 0.09099400000000003
1 0.6921875 0.6546178653001464 0.016875000000000084 0.08911799999999999
1 0.768515625 0.7478306383601757 0.020625000000000004 0.10788000000000005
1 0.8744921875 0.70797460761347 0.021874999999999978 0.08442800000000011
