1 0.5316796875 0.7545829999999999 0.06937500000000002 0.188334
1 0.096328125 0.7528128333333334 0.068125 0.18249999999999997
1 0.1471875 0.7413541666666666 0.048125 0.19416700000000006
1 0.199609375 0.7399996666666667 0.07499999999999998 0.20999999999999996
1 0.263125 0.7186455 0.03250000000000003 0.1408339999999999
1 0.28171875 0.6782809166666667 0.02437499999999998 0.061666999999999916
1 0.2962109375 0.7284899166666667 0.04625000000000001 0.15500000000000003
1 0.333671875 0.7042708333333333 0.028749999999999998 0.09000000000000001
1 0.3705078125 0.7284371666666667 0.04250000000000004 0.13250000000000006
1 0.3787109375 0.6860940833333333 0.014374999999999971 0.03583299999999993
1 0.402109375 0.67953125 0.013124999999999998 0.03999999999999989
1 0.4258203125 0.7220836666666667 0.05687499999999995 0.14833299999999996
1 0.4535546875 0.68151075 0.007500000000000007 0.055000000000000014
1 0.4574609375 0.6783333333333333 0.015000000000000013 0.041666999999999975
1 0.4688671875 0.6844788333333334 0.023125000000000007 0.05916699999999997
1 0.4868359375 0.6839065833333332 0.014375000000000027 0.051666000000000135
1 0.5055078125 0.6829684166666666 0.010624999999999996 0.046667000000000014
1 0.5173828125 0.67869825 0.010000000000000009 0.04166600000000006
1 0.5651953125 0.7497919999999999 0.05812499999999998 0.1566660000000001
1 0.9053125 0.7037496666666666 0.048125000000000084 0.14666700000000002
1 0.9530078125 0.7024475833333333 0.04125000000000001 0.14500000000000002
