1 0.141328125 0.47574405124450947 0.1925 0.7073170000000001
1 0.02734375 0.4618902767203513 0.05625 0.212007
1 0.2009765625 0.4563313748169839 0.03437499999999999 0.19043199999999996
1 0.2091796875 0.46010159590043925 0.03875000000000001 0.265479
1 0.248359375 0.4549036881405563 0.075625 0.3339580000000001
1 0.3490234375 0.465484859443631 0.02937500000000004 0.18105000000000007
1 0.464765625 0.461731859443631 0.05249999999999999 0.1810510000000001
1 0.6030078125 0.4795835841874085 0.1975 0.445591
1 0.547890625 0.15859838067349927 0.05125000000000002 0.10037499999999999
1 0.7664453125 0.5692631551976574 0.275625 0.596623
1 0.696640625 0.4521415651537335 0.05125000000000002 0.24014999999999995
1 0.758828125 0.4151791361639825 0.130625 0.390244
1 0.8186328125 0.45603376134699847 0.041874999999999996 0.20075000000000007
1 0.8318359375 0.4361753440702782 0.04500000000000004 0.16979400000000003
1 0.8684765625 0.42595338067349925 0.03437499999999993 0.100375
1 0.89390625 0.39671396339677895 0.008124999999999938 0.06848100000000001
