1 0.076171875 0.37605417276720354 0.154167 0.3225
1 0.1511845625 0.44287152269399704 0.09666700000000002 0.39875
1 0.146432625 0.23796303074670572 0.02083299999999999 0.023749999999999997
1 0.1943876875 0.36966508052708635 0.03833400000000001 0.25375000000000003
1 0.202890625 0.4272693997071743 0.05166700000000002 0.30499999999999994
1 0.2357939375 0.37673682284040994 0.046667000000000014 0.24750000000000003
1 0.235078125 0.36445095168374814 0.035832999999999976 0.25000000000000006
1 0.27119825 0.3671650805270864 0.040000000000000036 0.25375
1 0.29505175 0.3692020497803807 0.024166999999999994 0.22875
1 0.464921875 0.5034333821376281 0.340833 0.57875
1 0.327838875 0.3744161786237189 0.028333000000000053 0.2325
1 0.3376689375 0.28732064421669107 0.014166999999999985 0.01749999999999998
1 0.357004875 0.37206076134699856 0.029167 0.19999999999999996
1 0.375338875 0.367489019033675 0.028332999999999997 0.20749999999999996
1 0.3898828125 0.27964128843338215 0.011666999999999983 0.03125
1 0.4344795 0.29089128843338213 0.01749999999999996 0.03125
1 0.503098625 0.27964128843338215 0.020000000000000018 0.03125
1 0.5265751875 0.3784901171303074 0.023333999999999966 0.18624999999999997
1 0.63078125 0.4198041727672035 0.10250000000000004 0.32375000000000004
1 0.689348625 0.4182997803806735 0.0824999999999999 0.405
1 0.7388935625 0.4416965592972182 0.06499999999999995 0.33125
1 0.7535546875 0.3912737920937043 0.03749999999999998 0.22375000000000003
1 0.854583 0.40598462664714496 0.188334 0.28750000000000003
1 0.9315498125 0.4657595168374817 0.135 0.4900000000000001
1 0.976484375 0.4149835285505124 0.04416700000000007 0.30874999999999997
