1 0.3558984375 0.782083 0.030625000000000013 0.0625
1 0.390859375 0.76848925 0.011874999999999969 0.07250000000000008
1 0.43609375 0.7909378333333333 0.02437499999999998 0.0908330000000001
1 0.4664453125 0.78411425 0.02562500000000001 0.10166699999999995
1 0.55046875 0.8260416666666668 0.055625000000000036 0.17916699999999994
1 0.5721875 0.78901075 0.016875000000000084 0.05500000000000016
1 0.61625 0.84182325 0.032500000000000084 0.196666
1 0.6165234375 0.8580208333333333 0.02937499999999993 0.15333299999999994
1 0.6840234375 0.8435413333333334 0.06062499999999993 0.2616669999999999
1 0.753671875 0.8358333333333333 0.028750000000000053 0.16916699999999998
1 0.7841015625 0.8676041666666666 0.03500000000000003 0.13083299999999998
