1 0.26140625 0.6005688594436309 0.070625 0.1791750000000001
1 0.4140234375 0.6563390204978038 0.18687500000000007 0.683865
1 0.5225 0.5457739267935579 0.06312499999999993 0.1360229999999999
1 0.5676953124999999 0.6849180439238653 0.15125000000000005 0.32082599999999994
1 0.598671875 0.49427496339677895 0.05937500000000007 0.06754299999999999
1 0.6158203125 0.40954934992679354 0.02562500000000001 0.07879900000000004
1 0.73109375 0.7427554919472914 0.18062500000000004 0.37711100000000003
1 0.7298046875 0.5915737920937042 0.13187499999999996 0.22514099999999998
1 0.846484375 0.3946977672035139 0.13750000000000007 0.10975599999999995
1 0.82765625 0.5425211171303075 0.07187500000000002 0.18480299999999997
1 0.8678125 0.6072673382137629 0.14125 0.257974
1 0.9809765625 0.4191760863836017 0.03500000000000003 0.16322699999999998
