1 0.033972576866764276 0.4419921875 0.05910000000000001 0.365625
1 0.054242865300146416 0.415859375 0.09005600000000001 0.325
1 0.2424820307467057 0.17765625 0.025328999999999977 0.03937500000000002
1 0.2438319019033675 0.15609375 0.02063799999999996 0.024375000000000008
1 0.2732546749633968 0.1705078125 0.04033800000000002 0.04250000000000001
1 0.2943045461200586 0.16953125 0.03564800000000002 0.03937499999999999
1 0.3308204480234261 0.3004296875 0.058161 0.10062500000000002
1 0.34155131918008785 0.3221875 0.054409000000000006 0.109375
1 0.39021806149341143 0.3025 0.048779999999999976 0.09375
1 0.5383649633967789 0.342578125 0.06754299999999999 0.12937499999999996
1 0.9105497306002929 0.5141015625 0.17635999999999988 0.346875
