1 0.0244140625 0.07005241666666667 0.05 0.10740699999999999
1 0.1419921875 0.059693583333333335 0.08472199999999999 0.112963
1 0.293793625 0.07285883333333333 0.08333299999999999 0.122222
1 0.4178606875 0.5383390833333334 0.22500000000000003 0.503704
1 0.3435983125 0.08926475 0.058333000000000024 0.08703699999999999
1 0.4848310625 0.07375541666666667 0.11249999999999999 0.107408
1 0.563498375 0.08130783333333334 0.07499999999999996 0.08888900000000001
1 0.64487825 0.076505 0.07222200000000001 0.096296
1 0.6995013125 0.08315983333333334 0.08888799999999997 0.090741
1 0.79210025 0.0713545 0.07083400000000006 0.111111
1 0.8605686875 0.06820041666666667 0.06944399999999995 0.109259
1 0.91432325 0.08851258333333334 0.07222200000000001 0.08148199999999998
1 0.9752389375 0.09502300000000001 0.04583300000000001 0.09629599999999998
