1 0.031875 0.5197913333333334 0.06375 0.07416699999999994
1 0.02375 0.07328091666666667 0.031875 0.05999999999999999
1 0.0247265625 0.07734375 0.034375 0.05666699999999999
1 0.024296875000000002 0.016927083333333332 0.028124999999999997 0.034167
1 0.036015625 0.3553645833333334 0.0525 0.08083299999999993
1 0.02078125 0.170417 0.009374999999999998 0.06416600000000001
1 0.0397265625 0.44145833333333334 0.035 0.07416700000000002
1 0.051171875 0.06932325 0.027500000000000004 0.070833
1 0.04390625 0.2426045 0.008125 0.04749999999999999
1 0.0524609375 0.28916633333333336 0.013749999999999998 0.041666999999999975
1 0.117265625 0.15281216666666667 0.0825 0.10000000000000003
1 0.10078125 0.074583 0.039999999999999994 0.06333399999999999
1 0.1151953125 0.5235934166666667 0.056874999999999995 0.07583400000000003
1 0.1128125 0.3596871666666666 0.04875 0.06833400000000005
1 0.1187890625 0.4377604166666667 0.04937499999999999 0.0774999999999999
1 0.1023046875 0.021614583333333336 0.006874999999999992 0.02
1 0.1084375 0.07567675 0.016874999999999987 0.05499999999999999
1 0.1104296875 0.021614583333333336 0.007500000000000007 0.02
1 0.12015625 0.2426045 0.00937499999999998 0.04916600000000001
1 0.13703125 0.072917 0.04000000000000001 0.06499999999999999
1 0.1287890625 0.2904684166666667 0.018125000000000002 0.044999999999999964
1 0.1385546875 0.015625 0.037500000000000006 0.0325
1 0.2728125 0.029947916666666668 0.015625 0.06
1 0.3153125 0.03536425 0.01687500000000003 0.040834
1 0.362578125 0.03401075 0.036250000000000004 0.055
1 0.4078515625 0.03307258333333333 0.03375 0.05000000000000001
1 0.67609375 0.4349996666666667 0.08624999999999994 0.08416699999999995
1 0.6607421875 0.5244274166666667 0.05312499999999998 0.07583299999999997
1 0.6771875 0.28312533333333334 0.07999999999999996 0.07333299999999998
1 0.6648046875 0.3635416666666667 0.03875000000000006 0.05333299999999993
1 0.6721875 0.030676750000000003 0.04749999999999999 0.056666999999999995
1 0.6767578125 0.12677083333333333 0.04125000000000001 0.08999999999999998
1 0.68125 0.21317675 0.03312499999999996 0.055000000000000014
1 0.69890625 0.5208336666666668 0.040000000000000036 0.08499999999999996
1 0.6972265625 0.34687466666666666 0.03499999999999992 0.05333400000000007
1 0.740859375 0.2858850833333333 0.04437500000000005 0.06666700000000003
1 0.7606640625 0.28312533333333334 0.08187500000000003 0.07333299999999998
1 0.7626171875 0.52682325 0.08437500000000009 0.070833
1 0.75234375 0.21557258333333332 0.05500000000000005 0.05166700000000002
1 0.7565234375 0.03473958333333333 0.06062500000000004 0.049999999999999996
1 0.7643359375 0.43703158333333336 0.07750000000000001 0.08083299999999993
1 0.7460546875 0.4424479166666666 0.03749999999999998 0.06166700000000006
1 0.750625 0.352083 0.03125 0.06416700000000002
1 0.7584375 0.1327604166666667 0.04812499999999997 0.07749999999999997
1 0.7830078125 0.5336458333333334 0.04125000000000001 0.05749999999999996
1 0.7923046875 0.4362496666666667 0.007499999999999951 0.020833999999999946
1 0.80078125 0.4375517500000001 0.008125000000000049 0.025833999999999913
