1 0.041015750000000004 0.4831623499267936 0.05566399999999999 0.076135
1 0.1748043125 0.48316225183016104 0.025390999999999997 0.0980969999999999
1 0.3281254375 0.49633922108345535 0.030272999999999994 0.07320699999999992
1 0.3808591875 0.4934114787701318 0.021485000000000032 0.0790629999999999
1 0.3945308125 0.4904828345534407 0.009765999999999997 0.064422
1 0.4990235625 0.4802342825768668 0.035155999999999965 0.1200589999999999
1 0.526366875 0.487555251830161 0.02832100000000004 0.09956000000000009
1 0.6425783125 0.5036603499267935 0.02636700000000003 0.076135
1 0.66308575 0.49926760761347 0.024413999999999936 0.08199199999999993
1 0.7285155 0.5021957057101025 0.015625 0.062958
1 0.836913625 0.5109805768667642 0.019531999999999994 0.06003000000000002
1 0.8447265 0.505124448023426 0.017577999999999983 0.05710099999999998
1 0.8583979375 0.4831625095168375 0.014648999999999912 0.10395299999999996
1 0.8828128125 0.4860911229868228 0.011718000000000006 0.09516800000000003
1 0.9023441875 0.4963394787701318 0.02343700000000004 0.08199100000000005
1 0.910156 0.4934111229868228 0.03320299999999998 0.09370499999999993
1 0.960937 0.4992681229868229 0.032227000000000006 0.09516799999999995
1 0.971679875 0.49487512298682285 0.027344000000000035 0.09370500000000001
