1 0.04953125 0.7996875 0.03916700000000001 0.07999999999999996
1 0.0782295 0.9226953125 0.07999999999999999 0.15187499999999998
1 0.0478125 0.6384765625 0.015833000000000003 0.034375000000000044
1 0.060885749999999995 0.63640625 0.025000000000000005 0.04062500000000002
1 0.0992705 0.793984375 0.04749999999999999 0.07562500000000005
1 0.13838575 0.6412890625 0.024999999999999984 0.04937500000000006
1 0.1857815833333333 0.6326171875 0.018333000000000006 0.022500000000000075
1 0.21744758333333333 0.6473046875 0.018334000000000034 0.03749999999999998
1 0.3579684166666666 0.844921875 0.045000000000000005 0.09062499999999996
1 0.4161458333333334 0.9256640625 0.05749999999999996 0.14375000000000004
1 0.46984375000000006 0.9148828125 0.05499999999999994 0.135
1 0.6528645833333334 0.326328125 0.20749999999999993 0.12999999999999995
1 0.7984899166666666 0.668984375 0.28083300000000005 0.16875000000000007
