1 0.4987109375 0.5042452591508053 0.10937499999999994 0.48592899999999994
1 0.04296875 0.4563244436310396 0.08625 0.6247659999999999
1 0.2470703125 0.3484254363103953 0.21437499999999998 0.23827399999999999
1 0.27652343749999997 0.46679057101024896 0.0925 0.15196999999999988
1 0.3031640625 0.4025281054172767 0.11312499999999998 0.368668
1 0.445546875 0.3125845768667643 0.05937500000000001 0.060038
1 0.461796875 0.33649260761347 0.028749999999999998 0.082552
1 0.5560546875 0.47135087847730606 0.10125000000000006 0.384615
1 0.6207421875 0.3086482210834553 0.023125000000000062 0.07504700000000004
1 0.705625 0.40164198243045385 0.09500000000000008 0.272984
1 0.7825 0.3568242767203514 0.156875 0.212946
