1 0.7138671875 0.8367184166666667 0.08437499999999998 0.23250000000000007
1 0.0765625 0.5838024166666668 0.015625 0.04666599999999995
1 0.122265625 0.59578125 0.02062499999999999 0.10166699999999995
1 0.14625 0.58942675 0.03125 0.11916700000000002
1 0.2026953125 0.5058850833333334 0.02562500000000001 0.06749999999999996
1 0.2076953125 0.6506246666666667 0.026249999999999996 0.11666699999999992
1 0.208671875 0.5602086666666666 0.027499999999999997 0.05333300000000015
1 0.2105078125 0.4906249999999999 0.010000000000000009 0.031667000000000035
1 0.229296875 0.5872399166666668 0.027499999999999997 0.09249999999999996
1 0.2380859375 0.558125 0.014374999999999999 0.03249999999999997
1 0.2796484375 0.6081770833333334 0.030625000000000013 0.0966669999999999
1 0.28796875 0.552083 0.025000000000000022 0.0650000000000001
1 0.3098828125 0.3979166666666667 0.04249999999999998 0.022499999999999964
1 0.3073828125 0.49140658333333337 0.011249999999999982 0.05166599999999999
1 0.3144921875 0.55880175 0.023125000000000007 0.08749999999999998
1 0.3173828125 0.4091145833333334 0.010624999999999996 0.019999999999999945
1 0.3271484375 0.48718716666666667 0.030000000000000027 0.07000000000000006
1 0.3186328125 0.4362496666666667 0.010625000000000051 0.021666999999999954
1 0.3334375 0.4386455 0.01687500000000003 0.016666999999999987
1 0.3429296875 0.3918229166666667 0.007499999999999951 0.029166999999999943
1 0.3553125 0.4123961666666667 0.015625 0.03833299999999995
1 0.36421875 0.53682325 0.023749999999999993 0.070833
1 0.3809375 0.46666633333333335 0.015625 0.043333999999999984
1 0.3887890625 0.5453645833333334 0.018125000000000002 0.080833
1 0.4084375 0.5071871666666666 0.016874999999999973 0.06916699999999998
1 0.4067578125 0.4055725833333333 0.010000000000000009 0.051666999999999984
1 0.423359375 0.4494270833333333 0.012500000000000011 0.03583300000000008
1 0.4303125 0.5008850833333334 0.015625 0.06583399999999988
1 0.4467578125 0.43229200000000007 0.010624999999999996 0.0324999999999999
1 0.4509375 0.48755208333333333 0.01687500000000003 0.06666700000000003
1 0.468359375 0.4752086666666666 0.011874999999999969 0.05416600000000008
1 0.4718359375 0.44828158333333334 0.014374999999999971 0.02083300000000003
1 0.4762890625 0.49921908333333337 0.019374999999999976 0.0674999999999999
1 0.4817578125 0.40276008333333335 0.010000000000000009 0.03416699999999998
1 0.4862109375 0.4629684166666666 0.014375000000000027 0.046667000000000014
1 0.48453125 0.48104166666666665 0.00874999999999998 0.053333000000000075
1 0.493984375 0.3983333333333334 0.011875000000000024 0.04249999999999998
1 0.4973828125 0.4767190833333333 0.011250000000000038 0.06749999999999996
1 0.5016796875 0.4018229166666667 0.006249999999999978 0.029167000000000016
1 0.510859375 0.4750520833333334 0.011874999999999969 0.06583300000000003
1 0.5155859375 0.3966663333333333 0.014374999999999916 0.04250000000000006
1 0.5192578125 0.534583 0.011249999999999982 0.063334
1 0.5288671875 0.5382295 0.02187500000000009 0.07916599999999992
1 0.525234375 0.47322916666666665 0.011874999999999969 0.03750000000000001
1 0.5500390625 0.5395315833333334 0.01937500000000003 0.08166599999999995
1 0.5550390625 0.4694788333333333 0.018124999999999947 0.05833400000000011
1 0.5599609375 0.5326562499999999 0.01375000000000004 0.07250000000000001
1 0.5794921875 0.4733850833333333 0.021874999999999978 0.06583400000000002
1 0.585859375 0.4362496666666667 0.01187500000000008 0.023333999999999893
1 0.6062109375 0.5989586666666668 0.04562500000000003 0.11666599999999994
1 0.595234375 0.47338575 0.012500000000000067 0.02416600000000006
1 0.598984375 0.4509375 0.012499999999999956 0.04749999999999995
1 0.605390625 0.520417 0.020625000000000004 0.06333300000000001
1 0.60203125 0.4324475833333334 0.009375000000000022 0.019167000000000007
1 0.617109375 0.4044270833333334 0.012500000000000067 0.03416699999999998
1 0.6315625 0.40921875 0.015625 0.025832999999999995
1 0.6359375 0.48494791666666665 0.016249999999999987 0.05999999999999998
1 0.6612890625 0.4907295 0.018125000000000058 0.07916600000000007
1 0.672265625 0.5007291666666667 0.020625000000000004 0.03750000000000001
1 0.7003125 0.53432325 0.04812499999999997 0.07083299999999992
1 0.7144140625 0.5466149166666666 0.01937500000000003 0.06000000000000005
1 0.7633203125 0.8195830000000001 0.05687500000000001 0.189167
1 0.805 0.646667 0.03249999999999997 0.12583299999999994
1 0.839296875 0.6678645833333333 0.028124999999999956 0.08250000000000002
1 0.8497265625 0.695208 0.03500000000000003 0.09416699999999996
1 0.8662890625 0.482917 0.018124999999999947 0.06500000000000002
1 0.8826171875 0.45479200000000003 0.02187500000000009 0.03249999999999997
1 0.8954296875 0.5675524166666667 0.03875000000000006 0.10833300000000001
1 0.894765625 0.48713541666666665 0.020625000000000004 0.04666699999999994
1 0.9126171875 0.5920315833333333 0.021874999999999978 0.08250000000000002
1 0.93046875 0.5836461666666666 0.024375000000000036 0.10000000000000009
