1 0.03515625 0.4908858333333333 0.071289 0.40234299999999995
1 0.115234375 0.2773439166666667 0.230469 0.18619799999999995
1 0.247070625 0.29427125 0.020506999999999997 0.07291600000000005
1 0.334960625 0.20182258333333333 0.02050799999999997 0.018230000000000007
1 0.3730469375 0.22526016666666668 0.013672000000000017 0.03645900000000002
1 0.4062500625 0.2122396666666667 0.050780999999999965 0.085937
1 0.4384765625 0.24479183333333335 0.06640600000000002 0.12109399999999997
1 0.52343775 0.26041675000000003 0.08691399999999999 0.18098899999999998
1 0.5917965 0.2213545 0.017578000000000094 0.016926999999999987
1 0.62109375 0.27604141666666665 0.05468799999999996 0.13802100000000006
1 0.6591795 0.22135458333333335 0.015625 0.02083299999999999
1 0.6904300625 0.22265675 0.01855399999999996 0.02604099999999998
1 0.854492125 0.5000001666666667 0.19238299999999997 0.63151
1 0.9550776875 0.31770825 0.037109999999999976 0.10156299999999996
1 0.96582 0.25911449999999997 0.03125 0.08072900000000005
