1 0.0477734375 0.9009843748169839 0.030625 0.1932459999999999
1 0.08328125 0.4536393499267935 0.070625 0.07692300000000009
1 0.0808984375 0.9394281537335285 0.030625 0.118199
1 0.12992187500000002 0.29809298828696923 0.059375 0.182927
1 0.2128125 0.29725102489019034 0.048750000000000016 0.11538499999999999
1 0.273203125 0.16164089604685214 0.036250000000000004 0.11350800000000003
1 0.2874609375 0.3696414421669107 0.04625000000000001 0.14915600000000004
1 0.310703125 0.7603155344070278 0.03562499999999996 0.21857399999999994
1 0.3487109375 0.7433162767203514 0.04500000000000004 0.21200700000000003
1 0.4137890625 0.4688249882869693 0.08124999999999999 0.18386499999999997
1 0.679921875 0.5334828901903367 0.05999999999999994 0.203565
1 0.737265625 0.3068777613469985 0.05125000000000002 0.19981200000000005
1 0.900625 0.29308715373352856 0.03187499999999999 0.11913699999999998
1 0.9134375 0.3929974055636896 0.04749999999999999 0.21575999999999995
