1 0.08509933554083886 0.326953125 0.069965 0.255
1 0.16173458278145691 0.301640625 0.067138 0.14500000000000002
1 0.21562754966887415 0.28996093749999996 0.040989 0.10750000000000001
1 0.25209912141280355 0.33988281249999996 0.09893899999999997 0.19812500000000002
1 0.29340532450331125 0.28714843749999996 0.060071000000000006 0.12312500000000001
1 0.3478620993377483 0.31429687500000003 0.08127200000000005 0.18437499999999998
1 0.5095250883002207 0.32125000000000004 0.07137800000000002 0.18812500000000001
1 0.5711920551876379 0.29105468749999996 0.04452299999999991 0.131875
1 0.6355826048565121 0.3240234375 0.08551200000000003 0.21687499999999998
1 0.7541594569536424 0.27125 0.16607800000000003 0.09375
1 0.8644860110375276 0.2469140625 0.00989399999999991 0.049374999999999974
1 0.9275421103752758 0.2576953125 0.08904600000000007 0.05812499999999998
