1 0.0322265625 0.5961821527165932 0.06543 0.139501
1 0.041015625 0.5756244405286344 0.083008 0.16886899999999994
1 0.0449215 0.6461083010279002 0.07910199999999999 0.21439099999999991
1 0.388672 0.6975038869309839 0.594726 0.41850199999999993
1 0.2519531875 0.7694568898678416 0.21093699999999999 0.45814999999999984
1 0.70117225 0.7533043127753304 0.1347649999999999 0.38179100000000005
1 0.70605425 0.502203007342144 0.04003900000000005 0.10425799999999995
1 0.74511675 0.563876295154185 0.055664999999999965 0.13362699999999997
1 0.7998045 0.7283404566813511 0.11132799999999998 0.39353899999999997
1 0.8486323125 0.550660436123348 0.05761799999999995 0.10572699999999993
1 0.9267575 0.7400884596182086 0.14257799999999998 0.43759100000000006
1 0.900390125 0.5550664331864905 0.03613299999999997 0.067547
1 0.934569875 0.5521297195301028 0.027344000000000035 0.07488900000000002
1 0.9531245625 0.5844342966226138 0.06445400000000001 0.15271699999999996
