1 0.137109375 0.4359378333333333 0.10624999999999998 0.40208299999999997
1 0.0244140625 0.47526075000000007 0.05 0.11874999999999998
1 0.045703125 0.398958 0.035937 0.15625
1 0.109765625 0.346875 0.051562 0.15833299999999997
1 0.28515625 0.2966149166666667 0.16406300000000001 0.310416
1 0.3685546875 0.5195315833333334 0.16250000000000003 0.45625
1 0.5373046875 0.26197916666666665 0.19375000000000003 0.35000000000000003
1 0.80078175 0.3812496666666667 0.05624899999999999 0.08541699999999992
1 0.9578125 0.4619788333333334 0.078125 0.12083399999999989
1 0.980078125 0.43229200000000007 0.035938000000000025 0.09375
