1 0.041171875 0.24911491666666666 0.059375 0.31
1 0.1094921875 0.27479133333333333 0.053125000000000006 0.07416700000000002
1 0.143359375 0.197917 0.04375 0.06333300000000001
1 0.1850390625 0.17536425 0.019375000000000003 0.04
1 0.43078125 0.12130175 0.07124999999999998 0.086667
1 0.4879296875 0.13802116666666667 0.03875000000000006 0.069166
1 0.542734375 0.11708366666666666 0.10562499999999997 0.146666
1 0.665234375 0.2214583333333333 0.10624999999999996 0.325
1 0.7290625 0.1938545 0.015625 0.11166599999999997
1 0.7622265625 0.23510383333333332 0.06500000000000006 0.21583399999999997
1 0.80703125 0.29255175 0.10312500000000002 0.274167
1 0.858828125 0.1800524166666667 0.03624999999999989 0.10833299999999997
1 0.897890625 0.23864549999999998 0.05249999999999999 0.2675
1 0.931875 0.18880175 0.03125 0.08750000000000002
1 0.9825 0.172083 0.03249999999999997 0.06333399999999996
