1 0.34421875 0.06273002489019035 0.05624999999999997 0.115384
1 0.3695703125 0.1925632401171303 0.08875 0.27955
1 0.355859375 0.08902196339677891 0.013124999999999998 0.067542
1 0.4510546875 0.12717763250366032 0.06874999999999998 0.19793599999999997
1 0.5154296875 0.2925982532942899 0.10000000000000003 0.5750460000000001
1 0.56984375 0.11294821522693997 0.05500000000000005 0.166041
1 0.6286328125 0.21172839385065884 0.10375000000000001 0.3958729999999999
1 0.8426171875 0.10759960761346998 0.02312499999999995 0.084428
1 0.8559765625 0.14287889604685214 0.03500000000000003 0.11350800000000003
1 0.9040625 0.12679169985358713 0.04874999999999996 0.15384599999999998
