Person 863.36 352.76475600000003 903.04 449.43942
Person 1.92 324.595212 95.36 677.359968
Person 75.52 571.082112 230.4 677.359968
Person 246.4 350.843982 277.76 500.65689599999996
Person 318.72 358.52707799999996 382.72 430.87239
Person 387.84 345.72237 410.24 430.87239
Person 397.44 482.090544 521.6 592.2099479999999
Person 439.04 334.838436 460.16 411.02529599999997
Person 462.72 345.72237 482.56 414.866844
Person 471.68 421.90923 531.2 492.334446
Person 511.36 340.600758 528.64 413.58610200000004
Person 533.76 327.156018 576.64 491.05370400000004
Person 560.0 336.119178 591.36 463.524192
Person 592.64 339.320016 613.76 462.24345
Person 642.56 336.119178 677.76 478.248996
Person 682.88 343.161564 698.88 458.40258
Person 705.28 343.161564 730.24 450.71948399999997
Person 726.4 329.71682400000003 750.08 450.71948399999997
Person 787.84 336.119178 797.44 366.849528
Person 927.36 378.374172 952.32 412.306038
Person 951.04 339.320016 972.8 373.25188199999997
Person 988.8 323.31447 1003.52 377.09343
